50 0.9920809034226395
100 0.9945063916036444
150 0.9919749482359423
200 0.9910082732004928
250 0.9898473015229349
300 0.9860863296491831
350 0.9772399494000381
400 0.9569956175012363
450 0.9207456147845524
500 0.8593752008487582
550 0.7083730437533013
600 0.6052079564096392
650 0.5313940463058848
700 0.37988116370416825
750 0.2973835752777385
800 0.29289017483302177
850 0.5058956659780147
900 0.3872699153438432
950 0.28695598780007137
1000 0.21709335751347342
1050 0.172814209747368
1100 0.22299283265616018
1150 0.21530081698429454
1200 0.1704031876338953
1250 0.19285513284274364
1300 0.24330835686145405
1350 0.1997439179281117
1400 0.22280830178892785
1450 0.1305975502381241
1500 0.12182969231425156
1550 0.16544556484986975
1600 0.11696164814822112
1650 0.10860454038869906
1700 0.0984825219444061
1750 0.16565734278755737
1800 0.1825217140561221
1850 0.15299264122955064
1900 0.10582567550139134
1950 0.0922559278462003
2000 0.15981582179035872
2050 0.1303227920966259
2100 0.08907088064803657
2150 0.08466845445248318
2200 0.7622713084745887
2250 0.6480576642476191
2300 0.5155637587740342
2350 0.41828846750118975
2400 0.28421362256645
2450 0.15958930507623706
2500 0.12185016210563944
2550 0.13016095031120553
2600 0.14535719423582996
2650 0.10564671372850806
2700 0.07345950608875541
2750 0.10751959127155428
2800 0.09677265437354135
2850 0.07229958684109145
2900 0.0542311547525025
2950 0.10196422432764408
3000 0.08013224566578592
3050 0.10885561179713539
3100 0.12725457218572309
3150 0.12120588028974412
3200 0.0639860821513078
3250 0.06549937730104194
3300 0.12062905307480014
3350 0.11684566224173248
3400 0.11757017248978804
3450 0.08196804666998653
3500 0.07433193141970469
3550 0.08108793435955312
3600 0.15459700559598183
3650 0.06525835236683003
3700 0.13754430793431024
3750 0.05630413069258187
3800 0.07914101319509526
3850 0.10611136172989451
3900 0.04517096140448809
3950 0.12469392827179336
4000 0.10389192374903031
4050 0.08595563353608304
4100 0.06857493843162007
4150 0.10341938707493745
4200 0.1611493896697992
4250 0.15517320509658136
4300 0.06473246316378184
4350 0.0826949849910415
4400 0.1058125084464019
4450 0.10884519436363739
4500 0.08881277444253331
4550 0.04045369149761304
4600 0.04514236872582418
4650 0.047752388225919165
4700 0.20751104382794341
4750 0.15187361773251
4800 0.09420301009650578
4850 0.10602872067668655
4900 0.09809754581440715
4950 0.05443718764598408
5000 0.04615760358040996
5050 0.04815566739664985
5100 0.08350137867167783
5150 0.04559276296401215
5200 0.09063264515145439
5250 0.07281787689031523
5300 0.0838814151031299
5350 0.046195436192129444
5400 0.058301809575155183
5450 0.07530757513767777
5500 0.043160340750741225
5550 0.03975221111587964
5600 0.0823460088893883
5650 0.04880549553776051
5700 0.0488609130661497
5750 0.07448991611311293
5800 0.0639525670893385
5850 0.07359904975722528
5900 0.054417797822434597
5950 0.05157943292424574
6000 0.06182454637140174
6050 0.05211742241015196
6100 0.04086525863571014
6150 0.0393360926716331
6200 0.04417088669995175
6250 0.05911733527358092
6300 0.02941207643776763
6350 0.052838754933133385
6400 0.08786819943476404
6450 0.06458809665244443
6500 0.0850463678771596
6550 0.0632910904229647
6600 0.10038341748063256
6650 0.057468586538118635
6700 0.07345877476316491
6750 0.03828448971346284
6800 0.04104173320212579
6850 0.12321975094847418
6900 0.12946819603673743
6950 0.1956479726174194
7000 0.13087057325049012
7050 0.10851355412040346
7100 0.10713464981876036
7150 0.12067046982231781
7200 0.11388189959480767
7250 0.0763127659760126
7300 0.09737618507675992
7350 0.06611204897805381
7400 0.04293713669072897
7450 0.04398917783614427
7500 0.03781622905342539
7550 0.04496639969171967
7600 0.05470286771234745
7650 0.07593575737710437
7700 0.06209679921212522
7750 0.0674676282833153
7800 0.04071150344951221
7850 0.04399553704395542
7900 0.03836874761401718
7950 0.04838874175641691
8000 0.07066513793125956
8050 0.03701362250121388
8100 0.08547589716892423
8150 0.053426280123328805
8200 0.059185767467450766
8250 0.06536973908409144
8300 0.036152151572355025
8350 0.10296984714221026
8400 0.048931411866719225
8450 0.03578111904363229
8500 0.04264625757672469
8550 0.03460085936251868
8600 0.07546881010602922
8650 0.11004454135752463
8700 0.05723197583996837
8750 0.04703151058253484
8800 0.03610733003489434
8850 0.038410345197712914
8900 0.07654221517925704
8950 0.044835342432469054
9000 0.05036307763706538
9050 0.044237777145785674
9100 0.03111574855142821
9150 0.08591387818139416
9200 0.06496461968277475
9250 0.12163735747288365
9300 0.0930878483142382
9350 0.06773161557092221
9400 0.06882300572146405
9450 0.024641033172112144
9500 0.057313839786121014
9550 0.040949726168865566
9600 0.07763679577704259
9650 0.0674680318039774
9700 0.04796498513486468
9750 0.02930818680772213
9800 0.05536985503970711
9850 0.03432538543563962
9900 0.03305859847927618
9950 0.06766054494675654
10000 0.035284486714166625
10050 0.04458150524006481
10100 0.05203095076538657
10150 0.032301732165619636
10200 0.031572012850032416
10250 0.05426459511280466
10300 0.05277352116080139
10350 0.07916333423247783
10400 0.05649290670666348
10450 0.03589897146532372
10500 0.029311278815690366
10550 0.033222579100324105
10600 0.04635008844946088
10650 0.03452523675885087
10700 0.03143221427138968
10750 0.02149508913460993
10800 0.03085604830959635
10850 0.037939820634878545
10900 0.04638079507484595
10950 0.033402491586434886
11000 0.048118582975612445
11050 0.05360715376301143
11100 0.041020976741409164
11150 0.033168766376049215
11200 0.04131695330107119
11250 0.027310413278848228
11300 0.06703697432250313
11350 0.04369761051632598
11400 0.07960548053574276
11450 0.06623457823073746
11500 0.057522505483557945
11550 0.03954600860220414
11600 0.039668806102503076
11650 0.10049161042585925
11700 0.05991346718544407
11750 0.03547682779135742
11800 0.03869078231116856
11850 0.0530307231833972
11900 0.02922099227042829
11950 0.040928667416463005
12000 0.03447770180125391
12050 0.06657440680963014
12100 0.03636101174633797
12150 0.0357150798472269
12200 0.037387737950717634
12250 0.04357337719082036
12300 0.024177648166828387
12350 0.02917854866135691
12400 0.07487746882959785
12450 0.08613961245981695
12500 0.0501833228339912
12550 0.03768601381853098
12600 0.04652570874112316
12650 0.04756490350928105
12700 0.03249401860421922
12750 0.054607374705897965
12800 0.027943407609560916
12850 0.03820377191834654
12900 0.020615112098800084
12950 0.029455478587816004
13000 0.03522657631861869
13050 0.0321605040187254
13100 0.029769043460207662
13150 0.047140946064411625
13200 0.029892343729528762
13250 0.04488648077018578
13300 0.053490126862185794
13350 0.08412129388799251
13400 0.03551926749264699
13450 0.0527623043278054
13500 0.06759079865939481
13550 0.1457792943161816
13600 0.05803068651499562
13650 0.03174787501235104
13700 0.06452479402402927
13750 0.030503288807386685
13800 0.03830945367298797
13850 0.0548837980601365
13900 0.08195383321492766
13950 0.029929835018600373
14000 0.06988360259421901
14050 0.043747496055824724
14100 0.06495610729208001
14150 0.04432176862200889
14200 0.03740950957841481
14250 0.07736988404072294
14300 0.10221707432135085
14350 0.09535990392475631
14400 0.049990947039449465
14450 0.0333989840344399
14500 0.03062550007702633
14550 0.037852410559961316
14600 0.03094201721690526
14650 0.04421545473415067
14700 0.05634402673220942
14750 0.07008909602652377
14800 0.08889802199426165
14850 0.03242203772244202
14900 0.03252825295294359
14950 0.05204567630196734
15000 0.05133278584329565
15050 0.034287135700284375
15100 0.03320539466845734
15150 0.02966430233364716
15200 0.0532067646536015
15250 0.03015454609730553
15300 0.030075287759524807
15350 0.05397533299773092
15400 0.06937926620173032
15450 0.0435955232353939
15500 0.04459328101702575
15550 0.037860593483396265
15600 0.03132580491846238
15650 0.03316816799622214
15700 0.05128407437247347
15750 0.06021950505749908
15800 0.0658417144310801
15850 0.024217129724531994
15900 0.028111621246673844
15950 0.024903800394873395
16000 0.030524530333161624
16050 0.04634728187638976
16100 0.050677295993185795
16150 0.08001295051097743
16200 0.0420493125971577
16250 0.057024785771171836
16300 0.0569966325391369
16350 0.041996454294222677
16400 0.10052810847285064
16450 0.1042583021427659
16500 0.07306390904810414
16550 0.08173210931747531
16600 0.055986314008629696
16650 0.023623548502056658
16700 0.024553362004567012
16750 0.03846118731352407
16800 0.0627443025693961
16850 0.05453186155034719
16900 0.07212660509313637
16950 0.016870853791023634
17000 0.030677106191765512
17050 0.02766312103922954
17100 0.03190785752004595
17150 0.047510785273751854
17200 0.03064531499117855
17250 0.027317406076544523
17300 0.037441404159844587
17350 0.03812917443807793
17400 0.037455672049204226
17450 0.037197911189972246
17500 0.024522546692947553
17550 0.05192226043222183
17600 0.06859564660985111
17650 0.03750331727328123
17700 0.027190021431873622
17750 0.03377620477036878
17800 0.02147710389538335
17850 0.04877092795687391
17900 0.03798221009469905
17950 0.03783076235861865
18000 0.029257908866661797
18050 0.043100281721565416
18100 0.03336687340651206
18150 0.05385286567879355
18200 0.058826981640512484
18250 0.03572569136005214
18300 0.04958368043953661
18350 0.09961982752450674
18400 0.04581643458308962
18450 0.05019662235232205
18500 0.09465611108728039
18550 0.06119358008233397
18600 0.023355172006386628
18650 0.048132696070600056
18700 0.07804259155358087
18750 0.03582341438795264
18800 0.049800483269101276
18850 0.05283468933654506
18900 0.04174752999945192
18950 0.029785671696300087
19000 0.04384604649924326
19050 0.08118495007181666
19100 0.059626609027624886
19150 0.04943738185409013
19200 0.027660019034691244
19250 0.05281969890333044
19300 0.032481216095070126
19350 0.04706781235139261
19400 0.026995903316716224
19450 0.053367263323926405
19500 0.10118065980260876
19550 0.055897086053351794
19600 0.019770729452555223
19650 0.03022153049951951
19700 0.02979338290764467
19750 0.04991846958156786
19800 0.04889186312198672
19850 0.06841715571535048
19900 0.031302670699598356
19950 0.053215252612529775
20000 0.07042178820589866
20050 0.04121454319957977
20100 0.03481918896332239
20150 0.043138995593382766
20200 0.0450212374930948
20250 0.0207830262889629
20300 0.022974285967921136
20350 0.02433828220985779
20400 0.025114132332570916
20450 0.021561770029600053
20500 0.025411054240664647
20550 0.019496660489041244
20600 0.03787234730988519
20650 0.04401920265809708
20700 0.04225048284642009
20750 0.04009808843328193
20800 0.033171546826038234
20850 0.023245045419833958
20900 0.02152553480352222
20950 0.02719942151306188
21000 0.027341699127176912
21050 0.021831248044853646
21100 0.03630899362814375
21150 0.03062506206053318
21200 0.024602767426571304
21250 0.028728341992043094
21300 0.04233231759554521
21350 0.04195197336786252
21400 0.045924813672603884
21450 0.042430699124334004
21500 0.037752700606611025
21550 0.03427856932329291
21600 0.03181985187115261
21650 0.019566314169173992
21700 0.028022779990112597
21750 0.01965879256154967
21800 0.0318960178744601
21850 0.045279826095175564
21900 0.028033948683908426
21950 0.04891860064859067
22000 0.05476418048269255
22050 0.04104257168239433
22100 0.06034956538910683
22150 0.05023611747130967
22200 0.04580394065871726
22250 0.05465519799590959
22300 0.04714665733144427
22350 0.05367448545167695
22400 0.03138931435080686
22450 0.03442822241761893
22500 0.02392912348265227
22550 0.021897205880196814
22600 0.025552686640515812
22650 0.015831407826369413
22700 0.016428294650382782
22750 0.022036761812886167
22800 0.02087271608389815
22850 0.027523683378971188
22900 0.02606069336629294
22950 0.02348537764544781
23000 0.058154947156731404
23050 0.04858906952223587
23100 0.03035843298685966
23150 0.02162749330721216
23200 0.024765083223240718
23250 0.0274010434643064
23300 0.022086611595284435
23350 0.01994669129851651
23400 0.016938072574431248
23450 0.026074429736709172
23500 0.024594811630818288
23550 0.02938212410694017
23600 0.057703794889187365
23650 0.054848171254507125
23700 0.04419437837502422
23750 0.043034261347379005
23800 0.04598144466676784
23850 0.025560747356038773
23900 0.04100633517781897
23950 0.034984838361806755
24000 0.03063967350978971
24050 0.020533678307239612
24100 0.019483792391341646
24150 0.01749894355484526
24200 0.06857163231250288
24250 0.05833937302512098
24300 0.03456901745646179
24350 0.03041692955593786
24400 0.02818963601752
24450 0.026573060346680343
24500 0.04539924446566684
24550 0.020123987722703573
24600 0.049109469521365204
24650 0.02890399033132163
24700 0.02522179742156402
24750 0.026402302840119723
24800 0.0282048264525392
24850 0.030747662530634625
24900 0.02678048776245377
24950 0.022204009272982637
25000 0.022555417389564503
25050 0.02601948092285936
25100 0.027391136119991322
25150 0.031091165069457864
25200 0.016446467689347224
25250 0.021581256349256075
25300 0.023439339256319355
25350 0.026010867642791098
25400 0.01997452656518377
25450 0.02077043439754323
25500 0.022078358225020675
25550 0.020946980049946374
25600 0.02430641637450046
25650 0.03247280721366422
25700 0.03147559319551438
25750 0.03367370963731466
25800 0.0436925853938254
25850 0.05161845838813546
25900 0.06780918842437735
25950 0.06031930366551203
26000 0.05185463742621587
26050 0.04323370209777739
26100 0.03399216942263227
26150 0.028885521063594592
26200 0.027199363908652997
26250 0.01625897620897241
26300 0.018506093831831973
26350 0.04124674401152034
26400 0.04503728955517727
26450 0.04340484347569501
26500 0.05116164792354338
26550 0.0485651558449261
26600 0.03288344126953069
26650 0.038586218822462444
26700 0.020540167690921637
26750 0.015687703892237174
26800 0.015290661118457808
26850 0.021400961853442837
26900 0.02252312825397063
26950 0.03220985170404024
27000 0.029669451852065192
27050 0.0450709932934926
27100 0.027139393928139167
27150 0.01981690975359284
27200 0.022651003145227038
27250 0.022962243556436394
27300 0.023108713246196164
27350 0.02822816391931393
27400 0.041059374750331515
27450 0.06380707130525941
27500 0.051300141283721616
27550 0.02786752600675785
27600 0.021726739176862384
27650 0.03357101486684629
27700 0.022411613562673575
27750 0.021182099976772867
27800 0.02287071352439005
27850 0.021794355521968893
27900 0.021076651876518575
27950 0.01823950407957848
28000 0.0213895548425984
28050 0.017527175418421935
28100 0.02888443136560202
28150 0.027290474330265723
28200 0.022066369259958057
28250 0.041648700426101755
28300 0.055243862397032925
28350 0.05803791696510362
28400 0.06850328866571988
28450 0.05202964204853735
28500 0.04103703954830297
28550 0.015565320658382212
28600 0.024447821210744864
28650 0.027123749014234918
28700 0.02235459597835415
28750 0.025689248186618645
28800 0.032469458478288124
28850 0.02261174337936988
28900 0.023830992098300603
28950 0.026595183727434205
29000 0.02422754309543052
29050 0.020967267827617257
29100 0.017924793066446666
29150 0.01921044054973595
29200 0.021797442377536422
29250 0.022847273417882574
29300 0.031041319341812885
29350 0.0352703697621095
29400 0.060394875811828404
29450 0.039510486071611034
29500 0.02677460417718951
29550 0.039237918897749594
29600 0.04920924922308807
29650 0.04136567106462784
29700 0.03829788231454458
29750 0.047807472110855814
29800 0.04422067622523374
29850 0.03772416058141726
29900 0.04639101538823697
29950 0.047781245026754966
30000 0.03911480865553946
30050 0.042233442357909816
30100 0.04150990670626838
30150 0.049206427002525484
30200 0.053203497953794573
30250 0.052688619966268634
30300 0.061202962043450916
30350 0.05923290421904998
30400 0.05177253700132736
30450 0.034380143100219765
30500 0.02792290125233226
30550 0.04088464013314764
30600 0.04388046029796236
30650 0.045725735742154154
30700 0.04577027210229598
30750 0.03800042503983168
30800 0.03741915566202479
30850 0.028339201489835996
30900 0.021444437031452948
30950 0.01755608376185394
31000 0.022085469601074176
31050 0.02141289311481068
31100 0.0165801724113934
31150 0.02472102396312659
31200 0.0222958710770257
31250 0.021269586993673054
31300 0.01738499322467131
31350 0.019571444141871997
31400 0.026546456269764384
31450 0.02018785788802921
31500 0.01875668907852534
31550 0.01976931267545284
31600 0.022994917053482916
31650 0.023205732514431043
31700 0.02842480942599398
31750 0.04162729470070297
31800 0.041378749336763485
31850 0.038193465058934534
31900 0.043968553597636975
31950 0.03590051526829448
32000 0.03540343565022496
32050 0.03742391451489047
32100 0.049117144784618975
32150 0.039580389335467495
32200 0.03343410606003543
32250 0.02775822815735187
32300 0.026517610465516865
32350 0.021791412144023484
32400 0.02345060689281163
32450 0.026237399176768813
32500 0.03821078502507132
32550 0.052209774627953655
32600 0.04103100242375796
32650 0.042191331431547935
32700 0.04576395676707581
32750 0.04364968225670573
32800 0.04538257663218749
32850 0.03731028963747613
32900 0.023690898266331185
32950 0.021468839308152708
33000 0.019989862507779926
33050 0.015036558070055397
33100 0.018299202205827324
33150 0.016617600336688753
33200 0.020613290505115418
33250 0.026033213207904294
33300 0.02332372934657218
33350 0.028625559617288274
33400 0.0322563247422628
33450 0.02320182429815683
33500 0.01613312170515032
33550 0.0264468847473624
33600 0.028308385024472794
33650 0.028248697770666603
33700 0.021354328070362937
33750 0.01735446820417536
33800 0.025617760258739526
33850 0.017196748625090318
33900 0.01963811508931129
33950 0.020212190057647638
34000 0.01871345479560484
34050 0.019627762823117127
34100 0.020543659550747925
34150 0.02284183686329622
34200 0.01725108527346159
34250 0.017568035546636548
34300 0.022407998175552366
34350 0.011993418048331662
34400 0.023937277982762822
34450 0.01871217864549588
34500 0.017906505162800197
34550 0.020116515304994215
34600 0.02488198392895367
34650 0.017243885363203988
34700 0.0197175586420947
34750 0.018242452033524578
34800 0.021300074904264353
34850 0.019703079994951023
34900 0.023001889237043535
34950 0.01904904945898568
35000 0.01873964610332337
35050 0.019736474007645076
35100 0.01706094191398233
35150 0.020714803508883745
35200 0.023294158517180048
35250 0.023994214104765235
35300 0.029163394333742685
35350 0.03318004150418359
35400 0.02482951060295437
35450 0.03181212959114819
35500 0.03145914171895314
35550 0.02999381331982332
35600 0.034565542988903554
35650 0.03134190348637382
35700 0.03466267756946031
35750 0.025518439983343653
35800 0.0326684209852716
35850 0.025983193855984413
35900 0.026042067120159326
35950 0.024347628162037664
36000 0.02185300741758942
36050 0.020366192684893477
36100 0.020541145142442686
36150 0.01597033249766862
36200 0.017865975408517955
36250 0.022145900710709175
36300 0.018769811400626404
36350 0.016665133337573055
36400 0.018266490800693102
36450 0.024249297314749653
36500 0.016309092517233083
36550 0.017262165012521
36600 0.020263343202717162
36650 0.019361732851733583
36700 0.014930108564530215
36750 0.01844642102038039
36800 0.018100191103988802
36850 0.014669153081148465
36900 0.019328032093127022
36950 0.0189461715520634
37000 0.022014615230274544
37050 0.019726263071527517
37100 0.022068108795094403
37150 0.01688735801389062
37200 0.016733305878902115
37250 0.023723197159047273
37300 0.02397231234443234
37350 0.027734193829178303
37400 0.02776765422110378
37450 0.023392624408171865
37500 0.026263797880466535
37550 0.02387097025714116
37600 0.02820873920871848
37650 0.019343209780562864
37700 0.018831298283931576
37750 0.024170229415928633
37800 0.02173651486141421
37850 0.023670593916284784
37900 0.021650930618576637
37950 0.017082741858024133
38000 0.020485543481169564
38050 0.018907467567775376
38100 0.01681608608634644
38150 0.020462654668834044
38200 0.018814756232996006
38250 0.013310726251695439
38300 0.01659494737637819
38350 0.017928691221888986
38400 0.020467467515022923
38450 0.016436483479069713
38500 0.018100557725758713
38550 0.014589224379909766
38600 0.01895008662221606
38650 0.020834712663890153
38700 0.017381023503123306
38750 0.021166601138395403
38800 0.019751008376122946
38850 0.016687507897288047
38900 0.017948434874317274
38950 0.019672272830602366
39000 0.024861720851597727
39050 0.018146131974651484
39100 0.02037711494610421
39150 0.014060735341784949
39200 0.01673442085638017
39250 0.015777201143984097
39300 0.020426822642350594
39350 0.013977181086021398
39400 0.02152638980713326
39450 0.028367402978240457
39500 0.026994214193137356
39550 0.027031125995567326
39600 0.017536354788395537
39650 0.022513251442436898
39700 0.018401159863236434
39750 0.019188471030798238
39800 0.015310644827640234
39850 0.01998765899507186
39900 0.020027992950657287
39950 0.019478726105068643
40000 0.017943791918099184
40050 0.022872451533627252
40100 0.02173308386652008
40150 0.017413446304645277
40200 0.019894281259908417
40250 0.0201665604192555
40300 0.016393604066460985
40350 0.018972984598110455
40400 0.02142122390696443
40450 0.01663864617117248
40500 0.021733851273819858
40550 0.02057600952860147
40600 0.01948183509345776
40650 0.0226037510321652
40700 0.01706015971483314
40750 0.01897358778494018
40800 0.016944938338501872
40850 0.01820791232848993
40900 0.020971505213739763
40950 0.016165126533604912
41000 0.019995784378234245
41050 0.01710948105980395
41100 0.018469037121634373
41150 0.021013165594644143
41200 0.021204781686021627
41250 0.02086411445377907
41300 0.022309600454896588
41350 0.017496436205140978
41400 0.019795612416867194
41450 0.018284877285940578
41500 0.017247602326362906
41550 0.021617512458769934
41600 0.023992184883029295
41650 0.0179638679909685
41700 0.020184802568211976
41750 0.01780554397941678
41800 0.022455079815880106
41850 0.015915920786855553
41900 0.02138249717915062
41950 0.021073603839699265
42000 0.018693220930164463
42050 0.01809246851410787
42100 0.01782265871409458
42150 0.016847468118877072
42200 0.01814344043939664
42250 0.02111355022708718
42300 0.017552170511202937
42350 0.014004462101455844
42400 0.02083807592092017
42450 0.02172277697897097
42500 0.022755377438240465
42550 0.02057086997846232
42600 0.02219123890451712
42650 0.01722528524866889
42700 0.016286935186905004
42750 0.01791700656530012
42800 0.018872809803322014
42850 0.02317099506652826
42900 0.02372303015277383
42950 0.017132328211559474
43000 0.01622153239275057
43050 0.0224921327603854
43100 0.020882694761281767
43150 0.014353782886550023
43200 0.018931389299757222
43250 0.020006480947601032
43300 0.02181467960609248
43350 0.02134173355173359
43400 0.018273474497165536
43450 0.021757196289524005
43500 0.021858501682900728
43550 0.023950601687056906
43600 0.01841626797761048
43650 0.02188057079001999
43700 0.023954328162113424
43750 0.0188549579296105
43800 0.02005968015090567
43850 0.026166542714068746
43900 0.01874925409914836
43950 0.025867313343469513
44000 0.024844484539023215
44050 0.03221911177803057
44100 0.023303224793120973
44150 0.026108159331511928
44200 0.024133494695449325
44250 0.023307234783447508
44300 0.01639601469566273
44350 0.017325191348993043
44400 0.020088737120483136
44450 0.017639331155397134
44500 0.017052631400217528
44550 0.020595246770434877
44600 0.01621355767858193
44650 0.019464305672288414
44700 0.01845429314382769
44750 0.02112933166306663
44800 0.0195666179585155
44850 0.016107112015960635
44900 0.019836238045708523
44950 0.020811510013501223
45000 0.017975650764778202
45050 0.017516912514079913
45100 0.02089660336461426
45150 0.01472118232213558
45200 0.017722581708057236
45250 0.017948631375430173
45300 0.01578644132739169
45350 0.01936065958486291
45400 0.017056092163675544
45450 0.02022429382021261
45500 0.017235801488583193
45550 0.019594482551527737
45600 0.02177779853150821
45650 0.017258577990476715
45700 0.021114176448385053
45750 0.021801194172227735
45800 0.018334461297527607
45850 0.0163378609886882
45900 0.021586308990886156
45950 0.018577197408156165
46000 0.01845084380307166
46050 0.01882508112976225
46100 0.0205089417580451
46150 0.021098800457261587
46200 0.01582050252617732
46250 0.016421480852226555
46300 0.020066272362142572
46350 0.015028271904497204
46400 0.02185849284400417
46450 0.013731517430122452
46500 0.018210979900647958
46550 0.022440492777778848
46600 0.02385667649786245
46650 0.02059229970806187
46700 0.02143144460303463
46750 0.01737331603980483
46800 0.01972177537036971
46850 0.023469292680043285
46900 0.020899137326211435
46950 0.018714955337731338
47000 0.018147988285809245
47050 0.02256721622557604
47100 0.019129388588750174
47150 0.021522367736098738
47200 0.019495519791608483
47250 0.018763221186054998
47300 0.016625304173754296
47350 0.02050812820633964
47400 0.015242235251431988
47450 0.0177152437175691
47500 0.020429647124268775
47550 0.014694165263904215
47600 0.019434965238389376
47650 0.02002329180891901
47700 0.018723106809994366
47750 0.013828782088688929
47800 0.021003178402927387
47850 0.01828651814504872
47900 0.019362959253351273
47950 0.020077111603577644
48000 0.016126888241740706
48050 0.021050481489752613
48100 0.017787291519508898
48150 0.017615166616509883
48200 0.0184081763854704
48250 0.017441655795305787
48300 0.018170843520033172
48350 0.019407567281176746
48400 0.01665427038333728
48450 0.019451315447474964
48500 0.01731921905335578
48550 0.01636743746730724
48600 0.020268502005098197
48650 0.023765059132598822
48700 0.019687870513395433
48750 0.019562784678926425
48800 0.02183658957371978
48850 0.01974819879003772
48900 0.018701702658946415
48950 0.018402018984448428
49000 0.012731469936221177
49050 0.01915211427807855
49100 0.015071312036826837
49150 0.017034212850929608
49200 0.020089590570594975
49250 0.020898094234806982
49300 0.014293944900033426
49350 0.016621379268048266
49400 0.018331097742635756
49450 0.020457235725934136
49500 0.022272011666047652
49550 0.015533497571806248
49600 0.01685533296126328
49650 0.015673570645851773
49700 0.019067925535407863
49750 0.01987360494130223
49800 0.012079523635993968
49850 0.019752187545729563
49900 0.01966145471134117
49950 0.01795961744831396
50000 0.017270502051207344
