50 0.9912542483799487
100 0.9954368615031393
150 0.9947072169089476
200 0.994475195263591
250 0.9941916789813909
300 0.992689877128226
350 0.9925966938648183
400 0.9884298376892505
450 0.9884232658321479
500 0.9822471191571448
550 0.9701175667698358
600 0.9419384079539249
650 0.9004024789914707
700 0.8153465040865207
750 0.8045447693623061
800 0.6706893242429788
850 0.6984046694127732
900 0.5566076822407936
950 0.44977981133809114
1000 0.30461325895052915
1050 0.356385253052933
1100 0.23610775836260497
1150 0.15487585264821518
1200 0.1430698545988427
1250 0.15213683972906245
1300 0.1874659554324653
1350 0.1398505513436464
1400 0.1195711381770522
1450 0.07290170567365385
1500 0.0828349969772724
1550 0.2407101808731105
1600 0.4728717663420941
1650 0.302324178094497
1700 0.25401768117820994
1750 0.18997640036332045
1800 0.17549279539766488
1850 0.113903717191732
1900 0.07318976239632455
1950 0.06712232627682806
2000 0.06476994395426919
2050 0.05835088164094597
2100 0.055216537642446044
2150 0.09833058495672359
2200 0.06871066709392529
2250 0.07738400336086956
2300 0.07866435968300171
2350 0.05953011946201634
2400 0.0699567864137644
2450 0.07465185781024627
2500 0.09611631592803077
2550 0.09035040361052579
2600 0.06272498379065099
2650 0.036843323893378965
2700 0.04765147605867619
2750 0.05438255209710814
2800 0.12529301630128142
2850 0.05674465940377576
2900 0.06387281255177481
2950 0.17031665926103687
3000 0.09923461815179715
3050 0.07087509761022205
3100 0.07351092929912485
3150 0.05080402817658679
3200 0.09993341072197759
3250 0.05499487160014396
3300 0.052416781862679174
3350 0.04940663350267884
3400 0.12240907505506358
3450 0.06557073682601505
3500 0.04890525478775592
3550 0.07385498359195765
3600 0.05790240502948337
3650 0.06508340835097012
3700 0.032758618143431235
3750 0.07795487001302927
3800 0.03913281934449273
3850 0.07095730875499123
3900 0.14177445344350456
3950 0.11326936314026895
4000 0.11157369285830916
4050 0.10482212368114517
4100 0.13736846004675957
4150 0.086513893746828
4200 0.10764941935094043
4250 0.07244903008348941
4300 0.20132125858949698
4350 0.19163932592274066
4400 0.09464563939881603
4450 0.062868891710995
4500 0.08216180148898973
4550 0.048816917746963714
4600 0.037874774591848334
4650 0.03860926469753686
4700 0.061859033166189084
4750 0.09794602200051489
4800 0.16015505841529476
4850 0.1959922656504801
4900 0.1123551343636944
4950 0.052217599078002996
5000 0.03624260214403895
5050 0.057494183202867
5100 0.044864146282666356
5150 0.060888093820737996
5200 0.05223005529942071
5250 0.04043288086643738
5300 0.04145542512874461
5350 0.06450838382950412
5400 0.05906322616197054
5450 0.05662241496868291
5500 0.04485642118502874
5550 0.05265355245713231
5600 0.054457174864935
5650 0.029831727625475514
5700 0.036717774495445984
5750 0.05841921034473336
5800 0.051073978747096634
5850 0.05540414277666571
5900 0.05179306166149835
5950 0.04387434377926589
6000 0.03839376920601654
6050 0.029042857888189527
6100 0.054987029433424414
6150 0.04312444917845267
6200 0.05757439737365653
6250 0.09077989785819554
6300 0.056777971164679905
6350 0.03283965850918512
6400 0.08166332181017098
6450 0.10956467305376935
6500 0.11133098695868902
6550 0.03660835922058702
6600 0.044258436889326104
6650 0.04403283884463629
6700 0.04987342682923477
6750 0.08713391156213694
6800 0.06278933037764127
6850 0.07143884226511629
6900 0.13088817829496266
6950 0.08464440080890549
7000 0.021322164531721855
7050 0.1380991174416489
7100 0.12662667923329854
7150 0.16453884515717385
7200 0.07717738155214858
7250 0.036979708655748414
7300 0.054499343850951086
7350 0.04175219862897079
7400 0.044271333749999836
7450 0.031304896820894726
7500 0.046244730736053
7550 0.039357194045662965
7600 0.14933720380004648
7650 0.04971913823809308
7700 0.10057971244644708
7750 0.1084495575107264
7800 0.045993642494950186
7850 0.05504292052207287
7900 0.08854381828428154
7950 0.059793296477896295
8000 0.032684169353924895
8050 0.06529828855544435
8100 0.07931083553045191
8150 0.05460530606775443
8200 0.06202240741028862
8250 0.12917695691667738
8300 0.07428986648029666
8350 0.06361746650437389
8400 0.05629246138459694
8450 0.045344054864148414
8500 0.11308901232011274
8550 0.029126863073547723
8600 0.03459242334381209
8650 0.035367428946762786
8700 0.11263484474108398
8750 0.037716441135811955
8800 0.06840402210021593
8850 0.035315537952964146
8900 0.0347677330102213
8950 0.03774889782201721
9000 0.031179392801554944
9050 0.06521898357331178
9100 0.10206842890929792
9150 0.03677232882828694
9200 0.08878742116532116
9250 0.16100562381389188
9300 0.11511222653972346
9350 0.112612484607711
9400 0.050051989316365536
9450 0.03275981968055751
9500 0.03930919198215187
9550 0.15209801058116854
9600 0.09030269257149008
9650 0.04825992554586746
9700 0.0569751413531668
9750 0.03207551862926477
9800 0.04158009710334552
9850 0.11545698808413701
9900 0.051169780632910326
9950 0.04166724097120324
10000 0.07454293570849398
10050 0.041691542532680106
10100 0.03456747786765909
10150 0.05263403564373453
10200 0.06129503151140732
10250 0.04722492429915167
10300 0.05052529923114458
10350 0.02870120304582559
10400 0.029328612616121782
10450 0.030076261557614746
10500 0.03493401165624322
10550 0.030937915081450627
10600 0.04507570793735918
10650 0.07126693500893878
10700 0.08041272905388
10750 0.055455140378873786
10800 0.0720557309282912
10850 0.09919089443483695
10900 0.07900568407413736
10950 0.07372474299446535
11000 0.025687594104745373
11050 0.026606063023083115
11100 0.041163347403005576
11150 0.039698987345463434
11200 0.051574658779587175
11250 0.07437176642001148
11300 0.03147114892334391
11350 0.02749911244832466
11400 0.030510308542189824
11450 0.07696797292776511
11500 0.09431159288620694
11550 0.08157557766818337
11600 0.05579403595472571
11650 0.04773026636698178
11700 0.05041887183340495
11750 0.039171273539248416
11800 0.09202562510179396
11850 0.05713958944478701
11900 0.04132430538145059
11950 0.03624095931231186
12000 0.04655334544348361
12050 0.03423770595487334
12100 0.04241484660196267
12150 0.11181297185792653
12200 0.04642084793114613
12250 0.041171490829735334
12300 0.05421582161936483
12350 0.03985277924242749
12400 0.048338784742044276
12450 0.08472411475744944
12500 0.09208959749315408
12550 0.03848794833733284
12600 0.06346377628142462
12650 0.056175036690056086
12700 0.032298314291705474
12750 0.06907067178842687
12800 0.02874222632787196
12850 0.0481863857726437
12900 0.1111489484383106
12950 0.14754448047373803
13000 0.13200727266342854
13050 0.04054948726038785
13100 0.04775387051611862
13150 0.033348883909962636
13200 0.029239644264079646
13250 0.03140634505019361
13300 0.05195769743272785
13350 0.028999193353690778
13400 0.04511427801242289
13450 0.05495660701826669
13500 0.03663792597674246
13550 0.06985871210970693
13600 0.047316913312128596
13650 0.03512026536804179
13700 0.04110162613826488
13750 0.06720866855404002
13800 0.056796343170885805
13850 0.04428962969577245
13900 0.044733483300225044
13950 0.026691422096901073
14000 0.033398284758561506
14050 0.03969003702560522
14100 0.026812892035491802
14150 0.05984387836272032
14200 0.04795967683922962
14250 0.04164103656475867
14300 0.06886434065392143
14350 0.03797676138794207
14400 0.03191682955161605
14450 0.03603214495358313
14500 0.02786778257600129
14550 0.06701112539553933
14600 0.1205620890400645
14650 0.03963778379205492
14700 0.05658390581856463
14750 0.065145713517561
14800 0.029254160293156764
14850 0.053151965566305866
14900 0.03598492142530165
14950 0.07246014544801445
15000 0.10046203841121841
15050 0.05403177429927469
15100 0.04293210546661164
15150 0.03491214566714342
15200 0.06080771749641372
15250 0.056453208773162775
15300 0.026890366591874316
15350 0.029227262218548582
15400 0.029782194584420222
15450 0.03806230735098087
15500 0.029054344477767818
15550 0.058953133721336676
15600 0.029583472326591767
15650 0.03292906349545055
15700 0.04361614401347962
15750 0.03715554692263547
15800 0.05147161814447572
15850 0.05662952940390305
15900 0.02922035695907241
15950 0.057918812681442736
16000 0.02928893732790061
16050 0.033087196402999786
16100 0.035431253979918975
16150 0.025294917274125604
16200 0.047625552050127744
16250 0.056256893081796065
16300 0.027907770065210145
16350 0.03353964977103214
16400 0.062141276146176996
16450 0.02588693822047226
16500 0.02755044156313005
16550 0.0353518644822889
16600 0.05164752294848094
16650 0.0415167547872409
16700 0.07106381564080357
16750 0.03714976293730843
16800 0.051748364340245843
16850 0.04268345905128836
16900 0.0570437226435051
16950 0.05052516614373625
17000 0.02762003637430222
17050 0.03126118952531222
17100 0.03458358948868612
17150 0.035061921100642233
17200 0.04767981617214686
17250 0.03019064331314416
17300 0.03545960388130323
17350 0.04689348156480287
17400 0.03650576476925254
17450 0.03204882297780236
17500 0.030132053744545254
17550 0.02259607669236664
17600 0.0804548514589927
17650 0.04137703978031288
17700 0.013400574495667936
17750 0.03522320934137548
17800 0.0728048460236748
17850 0.028261123213450857
17900 0.073966263558687
17950 0.1443429818496052
18000 0.09016647029757657
18050 0.0501983510389309
18100 0.05607415378145816
18150 0.024830364295866998
18200 0.04157413101142233
18250 0.045076401797546746
18300 0.08261382306598186
18350 0.052482480503859986
18400 0.05198001039950806
18450 0.03311415624374129
18500 0.06242925012776757
18550 0.028967963701340402
18600 0.03703480674961235
18650 0.05204749967925354
18700 0.022193687488619336
18750 0.026293994699597607
18800 0.03144719695717852
18850 0.050124258163529056
18900 0.0527851485738764
18950 0.02494017586719914
19000 0.03594386330637986
19050 0.05331433963487823
19100 0.033233450278639304
19150 0.028739031087908668
19200 0.03850065481847283
19250 0.05379807111178844
19300 0.027355317912499344
19350 0.049950137116574915
19400 0.07651238229803144
19450 0.05549110947539401
19500 0.06279552021811262
19550 0.059594396473553087
19600 0.036675283286053566
19650 0.07843876200608123
19700 0.06276989371399856
19750 0.06268923895685702
19800 0.06917612448243066
19850 0.05790140803794733
19900 0.0815257886202868
19950 0.09192888881400227
20000 0.06697113699862797
20050 0.07900974966662662
20100 0.07113506504384727
20150 0.05533140618921806
20200 0.03382662556709013
20250 0.02504764036456016
20300 0.02980472335329196
20350 0.025476982046328794
20400 0.033111586225817904
20450 0.044728907450456455
20500 0.06412970097024062
20550 0.06608923249259274
20600 0.07756509359829855
20650 0.07055967782317708
20700 0.0807173532530309
20750 0.04572671859940699
20800 0.04164303311683372
20850 0.02142014448226305
20900 0.0286022539807057
20950 0.03379474478676063
21000 0.030137083131658644
21050 0.021579334805671313
21100 0.017742834625836867
21150 0.02379308631913338
21200 0.026554922714482978
21250 0.02658019054362366
21300 0.022095943573204633
21350 0.02242032851660913
21400 0.025680384976547215
21450 0.027599883702176933
21500 0.035395289759030835
21550 0.03246488614027111
21600 0.032934222693216
21650 0.05340734667903769
21700 0.02989915519034394
21750 0.027448309205042033
21800 0.027765773219349033
21850 0.03083197375644927
21900 0.05681908183984952
21950 0.029821654251803317
22000 0.029695842394653425
22050 0.05379286485192186
22100 0.03142500276877467
22150 0.03786585427333076
22200 0.04031515839849267
22250 0.02990687639199941
22300 0.04401610047889304
22350 0.02614741338568288
22400 0.056721410821877996
22450 0.05173627563168303
22500 0.05002016664906043
22550 0.031125879743174534
22600 0.04268877469689695
22650 0.06174006206223146
22700 0.06187612618343501
22750 0.08069936722417535
22800 0.08527218923782644
22850 0.07538350855811442
22900 0.03188752845440547
22950 0.031000227414397615
23000 0.036856125283719794
23050 0.0275499876466578
23100 0.01917076407141534
23150 0.027660542945100675
23200 0.05069053336777713
23250 0.06680841611455873
23300 0.09439231482080526
23350 0.10648157754725633
23400 0.09527389529138103
23450 0.0809784694373718
23500 0.07534526963598222
23550 0.04982998954125544
23600 0.06427303197114824
23650 0.02865183319770353
23700 0.054853293282754616
23750 0.0757819431611395
23800 0.03957084743307841
23850 0.020723076130796696
23900 0.021937643558416497
23950 0.020126246290700985
24000 0.026236421217602807
24050 0.029859894721965253
24100 0.04136906568353076
24150 0.03445635382525772
24200 0.020262217737791077
24250 0.02440798314005909
24300 0.02197092169753672
24350 0.028671354099910618
24400 0.020368690590922563
24450 0.032166736249366036
24500 0.02986969962076788
24550 0.02975668685711849
24600 0.02171962954969485
24650 0.044229251245022465
24700 0.043854028406222115
24750 0.08240736474107281
24800 0.031389772577373576
24850 0.026043478523560933
24900 0.05724840923817342
24950 0.05069362202226069
25000 0.022804301364388824
25050 0.02150341397751002
25100 0.023321544398807903
25150 0.020101098814209167
25200 0.023956112105948668
25250 0.028574063337201746
25300 0.03989202925482366
25350 0.05160377158314723
25400 0.038851451305220795
25450 0.07031997909164456
25500 0.05093181689692807
25550 0.06831447706185005
25600 0.07537664596151014
25650 0.08177331202850364
25700 0.04481461788805102
25750 0.056056942492343456
25800 0.03065426836266491
25850 0.02378859848906742
25900 0.022901464726930255
25950 0.02216829974820849
26000 0.02057818788821418
26050 0.02131293483323632
26100 0.024186440183462766
26150 0.021215320771127717
26200 0.02637292425058859
26250 0.02400018296665402
26300 0.021892501701803454
26350 0.02699675956448929
26400 0.025906567251235323
26450 0.031719735865674184
26500 0.03028555711050241
26550 0.02754050323008605
26600 0.045591307032330705
26650 0.045983851709981545
26700 0.039050957154199546
26750 0.03171243880708556
26800 0.03195796239554984
26850 0.027296360759510665
26900 0.029297522277094427
26950 0.04039951358049772
27000 0.046728717698299664
27050 0.03325949293434389
27100 0.04395705498484669
27150 0.0352911497295215
27200 0.035954825639933435
27250 0.03173010490899859
27300 0.03530598816597735
27350 0.024461811691236394
27400 0.02162450335086208
27450 0.02097950383849494
27500 0.02251092133024039
27550 0.022068778427614313
27600 0.0355172300832553
27650 0.02040208930736522
27700 0.0178001005164091
27750 0.030019115430794913
27800 0.023037894032902153
27850 0.02203971402909411
27900 0.02394616157884417
27950 0.017923089873196914
28000 0.02370525048031668
28050 0.03590679583496762
28100 0.024952960754221758
28150 0.022590773382870206
28200 0.021230868282960308
28250 0.01805693772524914
28300 0.01710153606460931
28350 0.022753652001077797
28400 0.020841361605740526
28450 0.028728344288987066
28500 0.03817950766641494
28550 0.024274579454262958
28600 0.01777431435511003
28650 0.02360393380943655
28700 0.030132681354385425
28750 0.04516129424887582
28800 0.03862777294317509
28850 0.031707171771131866
28900 0.028447610496416784
28950 0.02098789028296378
29000 0.02345993638550487
29050 0.022198269062150233
29100 0.01990663641887009
29150 0.02337175167828789
29200 0.026807276656831677
29250 0.03239051778980352
29300 0.02924384580172546
29350 0.018545177903508136
29400 0.01804209740662028
29450 0.033892996308484157
29500 0.018840611126224045
29550 0.02397959339743383
29600 0.020993703944462292
29650 0.018342083310355736
29700 0.022037701077191888
29750 0.043140126828949465
29800 0.036914683090062336
29850 0.026171618243156152
29900 0.044972719324762024
29950 0.034958191691368386
30000 0.03468382699179032
30050 0.03865540786869486
30100 0.04626911268305725
30150 0.03868419908730657
30200 0.03525595489069569
30250 0.032110874665672036
30300 0.0363935538759876
30350 0.03490267754917576
30400 0.030296089038057552
30450 0.030339597725710505
30500 0.022869677899218233
30550 0.01476450089053199
30600 0.02112612030000754
30650 0.022545833544676094
30700 0.03176235487046447
30750 0.035623983447459165
30800 0.029171521357729192
30850 0.03964789681462333
30900 0.03911593958080177
30950 0.03910483392774541
31000 0.04066728514055495
31050 0.033236894310050016
31100 0.031270772608503646
31150 0.02488441628743917
31200 0.026952608749811688
31250 0.02292281725999643
31300 0.026024601648486276
31350 0.02481581159006925
31400 0.029221531207335356
31450 0.03504720197587643
31500 0.043217198584222224
31550 0.039304707774950695
31600 0.028007145198121215
31650 0.03442463248197813
31700 0.03245567767090474
31750 0.03188955512685234
31800 0.027554617428652114
31850 0.0296309368701124
31900 0.025085083686455165
31950 0.024251025710308922
32000 0.023747225004073582
32050 0.027406282502647844
32100 0.02481282367413992
32150 0.021862253371444637
32200 0.023949024411514634
32250 0.03146073826081252
32300 0.03410579235714874
32350 0.03877645555513603
32400 0.03698614596710573
32450 0.036144758891939376
32500 0.027561126056960785
32550 0.03213165936251338
32600 0.025791046878526156
32650 0.02700441013808877
32700 0.029727947859969468
32750 0.024416681368160716
32800 0.03553513206769607
32850 0.026824319729389468
32900 0.027686929702693305
32950 0.029759226812806242
33000 0.04229486865678744
33050 0.03984075247088781
33100 0.045209528687947274
33150 0.03175097366688979
33200 0.02829407649938641
33250 0.026234597913273473
33300 0.018780987175033237
33350 0.02479579673274543
33400 0.018800645633846206
33450 0.021814325416407782
33500 0.02341045939405786
33550 0.02775906216043513
33600 0.01956180347449131
33650 0.021050603114985855
33700 0.01931353566176256
33750 0.02120825534644526
33800 0.021455331888251404
33850 0.021698793634500023
33900 0.021935371802940928
33950 0.028952049119994546
34000 0.021933704142995447
34050 0.026034795537009263
34100 0.019264542942463377
34150 0.024577294725266992
34200 0.026624523931806126
34250 0.026049737559097647
34300 0.017690581110732528
34350 0.019376210870923994
34400 0.018260704238350224
34450 0.019874539994798088
34500 0.01859394090931938
34550 0.02864937401037465
34600 0.02561362684601465
34650 0.03560440567231371
34700 0.03497128863149493
34750 0.03208869135909789
34800 0.023954913408822283
34850 0.016457177577407466
34900 0.02451857377201257
34950 0.02296761325970096
35000 0.016622354886491296
35050 0.017056567938769886
35100 0.025624778941112692
35150 0.017069339152714823
35200 0.02265127230841955
35250 0.020955070081289363
35300 0.02204060984474477
35350 0.027433580751171
35400 0.01756329813479382
35450 0.01418520986112021
35500 0.0250045554442886
35550 0.019181152046315087
35600 0.02271885687463342
35650 0.01780559665294589
35700 0.019847945300422474
35750 0.021799985864771592
35800 0.018894977710911583
35850 0.023394523728980304
35900 0.020685008449280423
35950 0.021779593018431343
36000 0.01950541493846393
36050 0.020301404221879035
36100 0.025583386935740124
36150 0.02290151280815737
36200 0.02006609289858175
36250 0.024037215070605765
36300 0.023612956650131717
36350 0.023240029128870243
36400 0.020157552426554374
36450 0.021691336107178952
36500 0.016223831106256238
36550 0.018558263070587312
36600 0.01789987570158109
36650 0.02247114076456338
36700 0.01914291046802943
36750 0.022112131530886817
36800 0.02433185413579396
36850 0.022023860442540615
36900 0.02795708667277798
36950 0.017359297301512054
37000 0.018393062399053573
37050 0.022308023552880196
37100 0.014712297277800181
37150 0.02047424187709519
37200 0.020181209084725673
37250 0.019032396537433563
37300 0.021749227260309853
37350 0.023925822658510242
37400 0.021615011880615844
37450 0.01833443548814438
37500 0.02144544409486161
37550 0.019768665178674684
37600 0.0264630717938794
37650 0.021541225890228766
37700 0.024141790922710557
37750 0.0222109377012079
37800 0.023091097716024064
37850 0.016787117595459287
37900 0.01874001610854845
37950 0.02017889904120419
38000 0.019188168903645605
38050 0.02085848919787145
38100 0.018566450091967262
38150 0.018653139570428415
38200 0.018928349452026816
38250 0.028730445029638743
38300 0.018377825173613076
38350 0.023810427006141135
38400 0.014924989874012935
38450 0.025224790594781814
38500 0.02204374013566699
38550 0.021091249663694255
38600 0.026560516871024686
38650 0.021296422630854215
38700 0.020401821150911777
38750 0.021702331259214877
38800 0.02344791029464469
38850 0.013930018244315237
38900 0.0232013318903753
38950 0.017532990945444128
39000 0.023798590293801287
39050 0.018048094562308152
39100 0.019203827964118948
39150 0.019897555184779567
39200 0.01478900623098399
39250 0.01899039289090702
39300 0.022120348399784214
39350 0.021044612528422362
39400 0.018621571046895585
39450 0.022104115988261352
39500 0.01652250117783501
39550 0.01986135595207076
39600 0.01665911258494675
39650 0.019746299790648007
39700 0.021678102936062916
39750 0.028107396019503957
39800 0.025652217040789314
39850 0.023354238332998975
39900 0.01951695763141879
39950 0.01968364581437656
40000 0.021566832866806104
40050 0.02555056717797013
40100 0.026131178810691984
40150 0.02326518344371505
40200 0.026640941774360688
40250 0.027642116820116816
40300 0.028731755804370495
40350 0.03661237388387407
40400 0.03160080210457294
40450 0.022443820617953185
40500 0.025748708800951665
40550 0.027737415055944552
40600 0.040039871641948846
40650 0.024317735619739815
40700 0.025927329375923687
40750 0.028861812174855013
40800 0.04149158027326534
40850 0.029000160897283488
40900 0.03144483077960381
40950 0.02900580065650788
41000 0.02233762908668773
41050 0.02505577814565731
41100 0.027862766204978934
41150 0.02596172217780299
41200 0.02007731560110942
41250 0.027994814577075967
41300 0.02837083020527636
41350 0.026339002688615606
41400 0.024306335630588233
41450 0.024015901284247066
41500 0.021219448261441086
41550 0.018203282022508677
41600 0.02069748997091758
41650 0.02232551694819138
41700 0.02197414371882229
41750 0.03138017326086737
41800 0.028863309202230052
41850 0.025475884190486124
41900 0.02111598159395466
41950 0.01843266160375237
42000 0.02164349290771073
42050 0.01821028942008681
42100 0.015793734818996305
42150 0.024091162440284496
42200 0.022656737195478838
42250 0.01947513505634927
42300 0.018379962800837393
42350 0.02157222849699455
42400 0.016023267341588522
42450 0.017573248545626828
42500 0.01557332208964664
42550 0.02129505392764479
42600 0.023400973899508272
42650 0.019723566784030838
42700 0.01788681580483981
42750 0.021984605316751275
42800 0.022534588129544553
42850 0.021889322129403522
42900 0.018283523977207436
42950 0.021340970996275615
43000 0.026667800259424432
43050 0.023579209401201347
43100 0.022684177974932086
43150 0.017767863313159958
43200 0.021689541397620072
43250 0.018184937658629868
43300 0.01849869114145545
43350 0.018299418209710237
43400 0.02253008420441879
43450 0.018949457225475294
43500 0.020510627971080008
43550 0.01819576567758938
43600 0.019016694256117437
43650 0.018347582647130004
43700 0.02108558839159905
43750 0.01979932774380563
43800 0.01960779027910752
43850 0.01824155842613457
43900 0.019026118577626618
43950 0.018464554026898
44000 0.020708614121250708
44050 0.020405649623121958
44100 0.01757754284668868
44150 0.02131149639902063
44200 0.020541871207451594
44250 0.01936972262740881
44300 0.021521607869921626
44350 0.024024049039412312
44400 0.022150076080489117
44450 0.023032034892459148
44500 0.023350856741759077
44550 0.02306108357775686
44600 0.023591935692870502
44650 0.02433992697381196
44700 0.021377501302203335
44750 0.025175283859522574
44800 0.02268673191891653
44850 0.01949906112964714
44900 0.02516639069143196
44950 0.023035065363814427
45000 0.020470396286431866
45050 0.02138497435586343
45100 0.021807074435182143
45150 0.02971507906343412
45200 0.020464822241788232
45250 0.021353339710182818
45300 0.027051514024645246
45350 0.026923722787379444
45400 0.024397639478105214
45450 0.02250223183529883
45500 0.02402468715649048
45550 0.024700622613427977
45600 0.02243815872853285
45650 0.023320436943067385
45700 0.016802500633442453
45750 0.023029941312574697
45800 0.021484347023427424
45850 0.018409751402091425
45900 0.023773280696927062
45950 0.015631121510108793
46000 0.022187914392711217
46050 0.024521928876702258
46100 0.02200619314431082
46150 0.0225020731287869
46200 0.02295000887665121
46250 0.02411808292109329
46300 0.01757661753303006
46350 0.020126410560485294
46400 0.02046007033459542
46450 0.02148982000056717
46500 0.024365472250117717
46550 0.020285538907413105
46600 0.018068778225967478
46650 0.021741645446004126
46700 0.021302730851267368
46750 0.01975410537995329
46800 0.017592799460844195
46850 0.019948537413706998
46900 0.019826449280806655
46950 0.02231075785242274
47000 0.021034265888721287
47050 0.02140269798781801
47100 0.020754039461378507
47150 0.016740986203951282
47200 0.018539774907071805
47250 0.022677294841441927
47300 0.01750369819627364
47350 0.01844188741915438
47400 0.017789299957953475
47450 0.016415366546353803
47500 0.018181063590462055
47550 0.02345088795512577
47600 0.022920938623181016
47650 0.024629379915094077
47700 0.0189532412153034
47750 0.017103024039704803
47800 0.019751603725752874
47850 0.02067948904700941
47900 0.017991949143809458
47950 0.018339248391176573
48000 0.02315719259974542
48050 0.021836866890268057
48100 0.022326141805876595
48150 0.025496117533037273
48200 0.01765272250239343
48250 0.019810752250978673
48300 0.019268877668621308
48350 0.01960355453857953
48400 0.020843900400313944
48450 0.01902679390672901
48500 0.018897014741057688
48550 0.02394487745930665
48600 0.019180548419699246
48650 0.020240883272056653
48700 0.024542620029785245
48750 0.023129128464918425
48800 0.021441594210831878
48850 0.02499212461466054
48900 0.023034667010482013
48950 0.02119367421536068
49000 0.02826695287352124
49050 0.02623934766097149
49100 0.021325357220887173
49150 0.021041408864220228
49200 0.0195976074089775
49250 0.024919819655260987
49300 0.022152395793545877
49350 0.023807139341896433
49400 0.019426688574989345
49450 0.017836202044984168
49500 0.022741721433911552
49550 0.027979515217737984
49600 0.020656097295548372
49650 0.018598284503039932
49700 0.02179832641930422
49750 0.02461945965096919
49800 0.02268912467989165
49850 0.02164349449838352
49900 0.020134144674685123
49950 0.02174071328731817
50000 0.022724430054007295
