50 0.9914443648073131
100 0.9924516620168027
150 0.9926204842625166
200 0.9938773364938165
250 0.9934953528369257
300 0.9929418860743395
350 0.9915298891620953
400 0.9889576765031761
450 0.9860512896427207
500 0.9818515960350811
550 0.9749771163329859
600 0.9603726763020974
650 0.9319300229350679
700 0.8588083160793305
750 0.8207967527899717
800 0.8229463946753156
850 0.7832898563658951
900 0.6719720595654619
950 0.6482594746015454
1000 0.5254872001064249
1050 0.6068440730993393
1100 0.6741123393629778
1150 0.47405005261470096
1200 0.2846250987620891
1250 0.3108875322739543
1300 0.3119031812983846
1350 0.18305943662080856
1400 0.10630452588863983
1450 0.093832678756645
1500 0.11561603274311447
1550 0.11867935208444187
1600 0.09068105217481659
1650 0.15576869050866105
1700 0.12477620203777885
1750 0.09930623975252116
1800 0.06841823518922173
1850 0.07237832902488454
1900 0.11507777476214771
1950 0.12558895867384134
2000 0.10566033752002191
2050 0.10517431018285968
2100 0.7258699348323401
2150 0.55639049435912
2200 0.39882658043346475
2250 0.25631523668515477
2300 0.1743382882382113
2350 0.1001354787155038
2400 0.06971463931585577
2450 0.09399508902826313
2500 0.22082667727769761
2550 0.16712067187565957
2600 0.13046158648443162
2650 0.12829461194480518
2700 0.0687185583724488
2750 0.11030891627479367
2800 0.11461777108305563
2850 0.1059933330348792
2900 0.10225886616363207
2950 0.08430464790477661
3000 0.08514827238008507
3050 0.10109587991463781
3100 0.05778577099123365
3150 0.07789320707955145
3200 0.4524767295745535
3250 0.44381291214846486
3300 0.2627047534070568
3350 0.10131281234505163
3400 0.096073287674374
3450 0.10763982252541464
3500 0.10800703522646422
3550 0.13641628534931927
3600 0.09364813560999159
3650 0.11937130067594814
3700 0.11005843356349129
3750 0.12368556799289095
3800 0.09265265224422907
3850 0.08959063611246022
3900 0.05225346065049933
3950 0.06648437357317717
4000 0.06372451013050655
4050 0.08128909488089589
4100 0.11823000196844476
4150 0.06622556117798407
4200 0.23392187468028144
4250 0.07099850834783807
4300 0.06395649201766826
4350 0.2870024318002776
4400 0.19888991907002682
4450 0.2127719535904147
4500 0.08347400649192814
4550 0.08863493879636677
4600 0.05567548055875663
4650 0.05095006259958017
4700 0.08122690668141834
4750 0.052072509364748346
4800 0.10444351403392299
4850 0.04658592643202844
4900 0.4909490029243162
4950 0.2685483963544272
5000 0.18590830394208344
5050 0.16284952148715048
5100 0.14697756952483346
5150 0.07287568662578438
5200 0.09508576536844449
5250 0.11989344504902663
5300 0.10858690817597606
5350 0.08221045760813817
5400 0.09799188642587654
5450 0.04492997655229013
5500 0.04063403249867537
5550 0.07052207498694672
5600 0.0906683242465085
5650 0.1346631165037405
5700 0.08357509804072828
5750 0.0840637564181708
5800 0.07412167822214802
5850 0.07122686760995812
5900 0.07646273409410487
5950 0.06093733879135922
6000 0.05897273293434589
6050 0.04809551005975519
6100 0.07048874773007391
6150 0.040907592049854405
6200 0.059146804997888595
6250 0.0377467106736077
6300 0.07618901508812145
6350 0.03830183555579261
6400 0.047414620713677844
6450 0.0975694702470466
6500 0.10819662764654642
6550 0.09073749199404574
6600 0.09141054809458339
6650 0.0528495425095399
6700 0.04841985617053571
6750 0.047746266433446406
6800 0.0625470000240526
6850 0.047363716544922344
6900 0.06693328380544142
6950 0.08234349532165942
7000 0.10959952489657683
7050 0.053875279060161874
7100 0.06591729834464306
7150 0.04638243375903819
7200 0.04519199524883653
7250 0.051394005436571286
7300 0.05948943184119501
7350 0.11242054532276033
7400 0.08895551311624608
7450 0.13046623143056718
7500 0.09987417565455928
7550 0.10184761696973406
7600 0.08929843719812301
7650 0.03828210185436092
7700 0.0896943767576063
7750 0.060118146797855286
7800 0.04791800671080077
7850 0.08952457294712247
7900 0.05447446574749954
7950 0.07569072111986745
8000 0.06749720047715566
8050 0.0528582560304543
8100 0.11657195958184478
8150 0.04668484571550717
8200 0.08924307880103366
8250 0.0421034743966325
8300 0.034411400336585234
8350 0.0631183396020726
8400 0.035937653127513014
8450 0.0719581844069745
8500 0.03486985290475081
8550 0.04916680363276312
8600 0.040201138979027586
8650 0.05891718847199167
8700 0.045534818614659765
8750 0.05712060527024482
8800 0.03987777330070742
8850 0.05437740073453013
8900 0.03845000871694607
8950 0.04377373755201767
9000 0.09208631763070041
9050 0.09349597582000434
9100 0.08560526019239587
9150 0.03478437117421563
9200 0.14987125192505024
9250 0.08766787467079497
9300 0.06878450193444592
9350 0.0879950364260493
9400 0.06290434446737252
9450 0.040211734958584176
9500 0.08105453841364019
9550 0.04309066624247357
9600 0.04256431929467934
9650 0.040907615374649674
9700 0.09249290978063861
9750 0.08690570002857056
9800 0.04195711172682145
9850 0.04281408601791677
9900 0.05205989995923281
9950 0.05641745387004625
10000 0.03222666394895278
10050 0.0334013365308256
10100 0.030347973137903123
10150 0.04497816889133965
10200 0.06505010008460868
10250 0.07833266994181493
10300 0.06858264193658424
10350 0.09540737272122268
10400 0.06829256539972502
10450 0.06737675364499622
10500 0.028708507731966242
10550 0.03670013008677689
10600 0.053837285663239975
10650 0.039071768533223486
10700 0.09120165124480384
10750 0.04493239959609504
10800 0.044631005807104884
10850 0.04372984001710542
10900 0.07445257178617995
10950 0.08377840527331162
11000 0.052876372184879235
11050 0.02759625125463498
11100 0.02282628078532463
11150 0.06924894234442946
11200 0.06433450880620036
11250 0.05365004450966119
11300 0.023965643785760684
11350 0.05455806751377915
11400 0.05070290113109593
11450 0.04318282302360765
11500 0.026195792810400773
11550 0.026798979404927512
11600 0.04408338249343819
11650 0.04315676232020896
11700 0.08816180754906484
11750 0.07662650793904038
11800 0.04460522682988008
11850 0.04238158781172452
11900 0.06562986088048353
11950 0.08351322523651057
12000 0.0444096881947236
12050 0.03223592213263553
12100 0.028859644863166996
12150 0.03455199429618113
12200 0.09424674348208342
12250 0.13642234678986143
12300 0.029579529921633166
12350 0.035056899214592305
12400 0.02940246969621139
12450 0.060565573387683175
12500 0.032372075004243876
12550 0.030341615197654923
12600 0.059697187839461714
12650 0.036010596685331686
12700 0.07960847896448735
12750 0.038234174533133096
12800 0.028864912498906943
12850 0.034121089973533816
12900 0.048165752371250835
12950 0.04959625393893856
13000 0.05400533300101713
13050 0.03465717992489508
13100 0.03874765840209989
13150 0.05594521889034894
13200 0.03084160304559676
13250 0.03133877819948314
13300 0.025532730325742107
13350 0.027530245197527323
13400 0.0372147039033499
13450 0.03946452562383988
13500 0.027630636068756594
13550 0.039666474656212675
13600 0.07194674732686734
13650 0.07387372195155924
13700 0.04618901180678645
13750 0.07139921013150285
13800 0.037392758910374614
13850 0.032049700524268865
13900 0.04742923485817079
13950 0.043794839977533674
14000 0.08246736205771157
14050 0.0350164462146006
14100 0.03687452625355474
14150 0.051065570436173206
14200 0.0313485867277119
14250 0.06244020466260807
14300 0.024755914778615426
14350 0.03289864832943104
14400 0.03528690632867204
14450 0.03216925008103652
14500 0.03448763035444208
14550 0.029694064419489758
14600 0.020410934532235386
14650 0.0700214560647322
14700 0.04325649647143591
14750 0.0573487105892815
14800 0.03261785697201916
14850 0.026371841315137284
14900 0.04388853185315675
14950 0.03962152537130948
15000 0.019963273130810175
15050 0.04124750332266947
15100 0.05380051487414207
15150 0.050630591070186325
15200 0.04836427163196518
15250 0.03945406955791916
15300 0.044383817020061896
15350 0.03311853943012774
15400 0.03775275910456854
15450 0.04093259631013468
15500 0.023455026838160836
15550 0.03499741824511695
15600 0.02627540546877828
15650 0.028214833498393432
15700 0.029933200264054084
15750 0.04614453755214038
15800 0.0254719110314382
15850 0.04734987090912295
15900 0.054327354358966684
15950 0.06270644529996398
16000 0.044170475954508716
16050 0.040472613196000366
16100 0.04433328108776945
16150 0.067907837470986
16200 0.043917606035035466
16250 0.05673660763880404
16300 0.03441138604272719
16350 0.024828999520009068
16400 0.02761876334682854
16450 0.029783252863296094
16500 0.035507444816983744
16550 0.07400028466517161
16600 0.0793277604253494
16650 0.09420461762443236
16700 0.10904126055790377
16750 0.11310460251091396
16800 0.08264751937304345
16850 0.09243540424042165
16900 0.0671832892953987
16950 0.03472692368588649
17000 0.044484848044406666
17050 0.04741626486195008
17100 0.047033725454577256
17150 0.03009408110769085
17200 0.03144843539722131
17250 0.035112471720429604
17300 0.08209133342440689
17350 0.06754057583257927
17400 0.03417424722857339
17450 0.03462039978378659
17500 0.031330268046718485
17550 0.06734754544512331
17600 0.042305079487121526
17650 0.030961001641382317
17700 0.06629810129480168
17750 0.028117909590265656
17800 0.04691854488404651
17850 0.05110453387289273
17900 0.05104091029484952
17950 0.054662664124818475
18000 0.03777561875030171
18050 0.05855579535479981
18100 0.03920615583826349
18150 0.032232956446329494
18200 0.03788254985131834
18250 0.04139804928756433
18300 0.031368601976841236
18350 0.09111550008825674
18400 0.04537499027316195
18450 0.03401226701546788
18500 0.033651069449538315
18550 0.04448025629670247
18600 0.03548303289930389
18650 0.022983502984218647
18700 0.02575712509123052
18750 0.08704559048576756
18800 0.03510728384706523
18850 0.054127011864086715
18900 0.05629283619871982
18950 0.054100885990602234
19000 0.05227214240910487
19050 0.024001558281201044
19100 0.049229000992161424
19150 0.027614015923820928
19200 0.04475995564926296
19250 0.03783977787622041
19300 0.028194402172407294
19350 0.025746135516115525
19400 0.05000955048817818
19450 0.07009881466436561
19500 0.06562989480231415
19550 0.06469597344894823
19600 0.037037663332565356
19650 0.028060108471734107
19700 0.026538545047666277
19750 0.028992993529336944
19800 0.06640006404184795
19850 0.05185473384817976
19900 0.04042579371477291
19950 0.03884734649733599
20000 0.034272495117229365
20050 0.04091806515348925
20100 0.05640631760975853
20150 0.05761886105860846
20200 0.02414139161309217
20250 0.034568888376957214
20300 0.04303561704937005
20350 0.037752418506468356
20400 0.03669969223833242
20450 0.029699816366418382
20500 0.04697568262507264
20550 0.04393877519782006
20600 0.03449191434886482
20650 0.03606412359807124
20700 0.04496854916307217
20750 0.056890185021964856
20800 0.04943973193380941
20850 0.049090312427757715
20900 0.029904682594642983
20950 0.047587901044763486
21000 0.06232273760328049
21050 0.06259486402057962
21100 0.03196341809150282
21150 0.03306383409439345
21200 0.031937703899895725
21250 0.04292069151463519
21300 0.024935697114854008
21350 0.020172207161635446
21400 0.042414724660873086
21450 0.030753287022495853
21500 0.05269650954557141
21550 0.04768037266094325
21600 0.04363083953118935
21650 0.025910665967132682
21700 0.029625874440642026
21750 0.029027566415170878
21800 0.03962746237037102
21850 0.02597123353954353
21900 0.02662029461783915
21950 0.03017301641786243
22000 0.027293745543953477
22050 0.06649632178821861
22100 0.03552228438321742
22150 0.03019385484416427
22200 0.03815302765665696
22250 0.03191038228377318
22300 0.03848799504949788
22350 0.07895757114697347
22400 0.07359705675497079
22450 0.03443671452570719
22500 0.0466147555304906
22550 0.03877501521003858
22600 0.029668361797486314
22650 0.036222794794840994
22700 0.054131431209796785
22750 0.054845118045842134
22800 0.06932657452504175
22850 0.07207510444868039
22900 0.036731808729430444
22950 0.025064865219908392
23000 0.03373792159659546
23050 0.04611291796533633
23100 0.054175473192774465
23150 0.040262945311022924
23200 0.023445984274563632
23250 0.027745088310838138
23300 0.0323860313718724
23350 0.031004340832089278
23400 0.03893582254317989
23450 0.06141177006809798
23500 0.0395592813257453
23550 0.04908091818875557
23600 0.028759908982918185
23650 0.023809894431393253
23700 0.03749400046486805
23750 0.04074815659738932
23800 0.028833799871297108
23850 0.04232979952730575
23900 0.03131952005944286
23950 0.03728970613596412
24000 0.05064039494452753
24050 0.07053481059085516
24100 0.08102286765844634
24150 0.040587512644929845
24200 0.027263228981482524
24250 0.0334042461445705
24300 0.040901806785687035
24350 0.04215145657106684
24400 0.0320067796315905
24450 0.024083114926093975
24500 0.03079327642561858
24550 0.051280131300227544
24600 0.04334421971802031
24650 0.03329742763163104
24700 0.028115454159256478
24750 0.041225125476877615
24800 0.02942157684270512
24850 0.038753828037598116
24900 0.054367509583752076
24950 0.0399551615639982
25000 0.03640886060578093
25050 0.03617865760234983
25100 0.039377968815765205
25150 0.028917549960599555
25200 0.04447354029652772
25250 0.0357599672634086
25300 0.024531196860364216
25350 0.029450054598958293
25400 0.03151653881520298
25450 0.01885572053975744
25500 0.04119088691075469
25550 0.053734088684540424
25600 0.049696310306206935
25650 0.057723114491713926
25700 0.04386186366335286
25750 0.02817582557400544
25800 0.022845259236254332
25850 0.033698098738759154
25900 0.020288225525971766
25950 0.023174498702853225
26000 0.035739475670939276
26050 0.05487770784047226
26100 0.03764246402124477
26150 0.03118873326225024
26200 0.025077956449884746
26250 0.027095015848786833
26300 0.022290919986427134
26350 0.026316376907474685
26400 0.025279162594878668
26450 0.03759296001542336
26500 0.033611525573495324
26550 0.02673380130659615
26600 0.031646195016029555
26650 0.02653841216822361
26700 0.024640732820902334
26750 0.02253262151667344
26800 0.028464415619012987
26850 0.02855883263793275
26900 0.031877156785726696
26950 0.022476268271345193
27000 0.021125532730709735
27050 0.024665824342717274
27100 0.020331849877313513
27150 0.02061955154835115
27200 0.04440983925132598
27250 0.033104859999579635
27300 0.04264516063861782
27350 0.025826322011871856
27400 0.0354810429089565
27450 0.028278162380320996
27500 0.03108981638655728
27550 0.025179177840138796
27600 0.030948299728568544
27650 0.02139943821967924
27700 0.02813578900320373
27750 0.026942404652665636
27800 0.030723203742955472
27850 0.02546543326851476
27900 0.024660626979597516
27950 0.03054094128248875
28000 0.02240711049454221
28050 0.030397280728779712
28100 0.028039097283667373
28150 0.029471367975841378
28200 0.02751967336852519
28250 0.022555784356199964
28300 0.02792663261820367
28350 0.022387736732905974
28400 0.027303692781172322
28450 0.049029580508726425
28500 0.0433559557714955
28550 0.02883814278896245
28600 0.018352246589809003
28650 0.021070534602115394
28700 0.029968678846483247
28750 0.019286019947468563
28800 0.02471475499421834
28850 0.022211820578987917
28900 0.026727451422719244
28950 0.02815934629695583
29000 0.028093427498577864
29050 0.027224304783889375
29100 0.02344953876354447
29150 0.0212888330084078
29200 0.024014000006264212
29250 0.03206756250668418
29300 0.02476537640339099
29350 0.025091224618373615
29400 0.023064417173959052
29450 0.020528964244706106
29500 0.03547345418127767
29550 0.024642810553271794
29600 0.029077621601112595
29650 0.024825194936947476
29700 0.036663331568068336
29750 0.021106604422761372
29800 0.025960809735513006
29850 0.026717128864956453
29900 0.018435084258299726
29950 0.02265439045345741
30000 0.024278439732901388
30050 0.0268730480492461
30100 0.02405420531634743
30150 0.0202237169486072
30200 0.024789865226550797
30250 0.016590362769339347
30300 0.02486772686819787
30350 0.029477908948433485
30400 0.02415868463498172
30450 0.025975180718510214
30500 0.024567427908374285
30550 0.022251913153347132
30600 0.02679805567969223
30650 0.028820497586456887
30700 0.03960373979234031
30750 0.04345625436838832
30800 0.04369482761529774
30850 0.04363275782983385
30900 0.041510894275702225
30950 0.051997635195101935
31000 0.051263253952979475
31050 0.04602273303589335
31100 0.04355827975229963
31150 0.025761585219170057
31200 0.03267820320668592
31250 0.030363247513487564
31300 0.03975526682725819
31350 0.033070759265170696
31400 0.03748162309595856
31450 0.03763723190128806
31500 0.041992249545202455
31550 0.04779436151637811
31600 0.04550541907176516
31650 0.03175429423179955
31700 0.03320746574317848
31750 0.027231631625562587
31800 0.026110288273545154
31850 0.029330398518845294
31900 0.02997182349461167
31950 0.025035356056982715
32000 0.03284138728805338
32050 0.030931836788199062
32100 0.030860439876121894
32150 0.031087568316006564
32200 0.03193819168910159
32250 0.024512832703833736
32300 0.02710165388905876
32350 0.022529957980362118
32400 0.025650454605195168
32450 0.023936542114939938
32500 0.029002030725368055
32550 0.03290090531952641
32600 0.025748899822916584
32650 0.029678530504952057
32700 0.035580168160081825
32750 0.03174497781050046
32800 0.02333490469515437
32850 0.023222119232032778
32900 0.022136693559224613
32950 0.020666315001637705
33000 0.019844360623773816
33050 0.01698867231410799
33100 0.022886281700360056
33150 0.0243435778768035
33200 0.029159759110681308
33250 0.03286519480365753
33300 0.027568805816615267
33350 0.022633270056664097
33400 0.021601391536077968
33450 0.02375639910067928
33500 0.02094968495899501
33550 0.02617514344768271
33600 0.029192118919946834
33650 0.02442987703486521
33700 0.03465589980345645
33750 0.03123418169026537
33800 0.03276152256423232
33850 0.03622983512735822
33900 0.028601659831961505
33950 0.0398221580964233
34000 0.03504896772467665
34050 0.031632714611263435
34100 0.022854434588390454
34150 0.02612887104036102
34200 0.023484427643613248
34250 0.017272008559295705
34300 0.022958362258404447
34350 0.02241089724363709
34400 0.02137149311936909
34450 0.027162434443549998
34500 0.03225734030058213
34550 0.04151323903744509
34600 0.03944140628352805
34650 0.0357733536154884
34700 0.03988451655722671
34750 0.04211450126437502
34800 0.040301086198564734
34850 0.041772633644498534
34900 0.05096401904079972
34950 0.05754463470447279
35000 0.04663311319258492
35050 0.052802833507633117
35100 0.05871434745437765
35150 0.05724217760742707
35200 0.05340861489849201
35250 0.050674379963289745
35300 0.04951180141568314
35350 0.046504661442218924
35400 0.04194024625972551
35450 0.041013351367116896
35500 0.04466973691940847
35550 0.04588629560148566
35600 0.03227298349138848
35650 0.04112260216310612
35700 0.03700514870676345
35750 0.04509900218126203
35800 0.034860018165176115
35850 0.024619392107300072
35900 0.030558895779634603
35950 0.03286544840734653
36000 0.03148005982679042
36050 0.03857140961146065
36100 0.031155164622069274
36150 0.0324382033517379
36200 0.03330688447033638
36250 0.03167794418096952
36300 0.033326887262609406
36350 0.03487069010516441
36400 0.0327766382960481
36450 0.03842735749746353
36500 0.03647040364481016
36550 0.02935940207965421
36600 0.03542554190704559
36650 0.025085981396746396
36700 0.03589554956945817
36750 0.03766037369359225
36800 0.03459651071506829
36850 0.03600446593085847
36900 0.03175390937269224
36950 0.023843764323929026
37000 0.02091614864209062
37050 0.02425956630319179
37100 0.03803194666017098
37150 0.02112992939254834
37200 0.021022148935158105
37250 0.020926302478167753
37300 0.02057618725083467
37350 0.0208483786315072
37400 0.0187552307240786
37450 0.021734325200788593
37500 0.018477415370207053
37550 0.021403576719685072
37600 0.021074488307208532
37650 0.02238233936166341
37700 0.01776614477154968
37750 0.02570087159660054
37800 0.016854562872335256
37850 0.017601913531022913
37900 0.02131250636196612
37950 0.02662202353065515
38000 0.017188347108802318
38050 0.021735900133127303
38100 0.02240415467842689
38150 0.02224042794591938
38200 0.019291192912790016
38250 0.024718323936341807
38300 0.024925033575265453
38350 0.02354346593340432
38400 0.018636145105948177
38450 0.012834205064430629
38500 0.02150118324456337
38550 0.019829271149064503
38600 0.020322076365172134
38650 0.020045442229739113
38700 0.019730660820292952
38750 0.022317843150044567
38800 0.02258700205510247
38850 0.02313036990030977
38900 0.02726908626307157
38950 0.022905861497796935
39000 0.027273762150563666
39050 0.023720594792852514
39100 0.026422421122075268
39150 0.02485597806955194
39200 0.02384304694701167
39250 0.02346447306284551
39300 0.029654096867176592
39350 0.0236693353024578
39400 0.023327576021050046
39450 0.02137051088086949
39500 0.024576237106465584
39550 0.029377544508284493
39600 0.01935322310506233
39650 0.02389487364105039
39700 0.019627703056792727
39750 0.020600943278729356
39800 0.025680346848216823
39850 0.02557266408731291
39900 0.022245847313004614
39950 0.025288118498596218
40000 0.026057432576314134
40050 0.02382070742497774
40100 0.020795455087094652
40150 0.021012639991728012
40200 0.02604267438134873
40250 0.020912459018548546
40300 0.024091461434661125
40350 0.027415405394167217
40400 0.02359500346064038
40450 0.023754921272273914
40500 0.020822109815867358
40550 0.021137368210644953
40600 0.0209104650343226
40650 0.024438851906480995
40700 0.02006175382737683
40750 0.0217874569627651
40800 0.021759603981496848
40850 0.01705309282412014
40900 0.018778204209506988
40950 0.025644474557999185
41000 0.019946540904356713
41050 0.02493859411819214
41100 0.028940860373391213
41150 0.02160068919387999
41200 0.019643725949293332
41250 0.02401437247762055
41300 0.0235955509995077
41350 0.02259938688841055
41400 0.02131979686727548
41450 0.024241363660318045
41500 0.02320982729946056
41550 0.029758951748932828
41600 0.019615659088095722
41650 0.02252157407860435
41700 0.026271137739833826
41750 0.02025855456875777
41800 0.02101281826759145
41850 0.02432149014195719
41900 0.022384700835353592
41950 0.021993692860716077
42000 0.020948996429679047
42050 0.02297008687777085
42100 0.01904237247588809
42150 0.021932861934068217
42200 0.01968008846850382
42250 0.025317411841597012
42300 0.026646872479248462
42350 0.016851149232859505
42400 0.02357310626304841
42450 0.02580786289682513
42500 0.0313900579392539
42550 0.019120724556047325
42600 0.020664551018314714
42650 0.023261045501744373
42700 0.025424913767407267
42750 0.03274265226283118
42800 0.026482951154715117
42850 0.02673517752404146
42900 0.03406551549516293
42950 0.02740034075131017
43000 0.03408941885629158
43050 0.023065094927930102
43100 0.026960100563750623
43150 0.025169934585218774
43200 0.0251032300687206
43250 0.030143270167706397
43300 0.02017816537290514
43350 0.034777723654983266
43400 0.026264690881157838
43450 0.03466092991945029
43500 0.028770884318812535
43550 0.02665458329466365
43600 0.03005496533086769
43650 0.03143359859788057
43700 0.03181923811903275
43750 0.03602441862408696
43800 0.03495731586280621
43850 0.036644834179959465
43900 0.030300980431137277
43950 0.03651128112131871
44000 0.03417246282152227
44050 0.029157913893266184
44100 0.03430851936089531
44150 0.03568612824910082
44200 0.03172922167680039
44250 0.0322481079674087
44300 0.033587398117586355
44350 0.02997563369544346
44400 0.03547287118867564
44450 0.027324348946587883
44500 0.03834922191558062
44550 0.034245855412953975
44600 0.04042569655153446
44650 0.030756941668236996
44700 0.034748749297224345
44750 0.0292016759616814
44800 0.037900536442471947
44850 0.02954491253712638
44900 0.03125525153795711
44950 0.03634962737109031
45000 0.026564126952857352
45050 0.03903176036125225
45100 0.028652757736430674
45150 0.023588927126764858
45200 0.02939942139273908
45250 0.0357863503862865
45300 0.029724600323562174
45350 0.035168277086709804
45400 0.027129346533841227
45450 0.0198177620482181
45500 0.025018655168365565
45550 0.023654402890451003
45600 0.027217458463497247
45650 0.028493367841226608
45700 0.022886622799964545
45750 0.03529153095025341
45800 0.028366296538257122
45850 0.02195989364213501
45900 0.031101237914814374
45950 0.02071885987750574
46000 0.020383351099938433
46050 0.022336903791854063
46100 0.022692643108991124
46150 0.02227066540328536
46200 0.01996018612234712
46250 0.020504663558954972
46300 0.026442911061822
46350 0.019129990835179366
46400 0.028161031102013987
46450 0.020037088326685003
46500 0.024110296591617224
46550 0.026657608440671342
46600 0.026392919318563912
46650 0.020911905329115667
46700 0.02530546481206181
46750 0.022616162422612697
46800 0.02609736336271689
46850 0.024644002456643787
46900 0.02020938303879061
46950 0.024403644831925295
47000 0.027512073218877824
47050 0.0247160018288043
47100 0.02384182937310537
47150 0.02964151370394576
47200 0.028460918948350074
47250 0.02610247899529247
47300 0.02048684203423673
47350 0.021300059903821108
47400 0.022180028920769257
47450 0.024300949631444017
47500 0.018273141198518316
47550 0.02611195360737301
47600 0.030868037841060954
47650 0.01666061968993231
47700 0.02481947411808735
47750 0.0286936570869768
47800 0.022136070430473248
47850 0.016563736152121374
47900 0.01920542004862121
47950 0.020947918359571046
48000 0.021258251043932152
48050 0.01855720746288377
48100 0.015959061909171905
48150 0.02206556390503866
48200 0.022485392371561587
48250 0.022675254235045694
48300 0.0284985865332043
48350 0.020390065497941947
48400 0.02567133241762571
48450 0.016457037867369847
48500 0.021405058050829994
48550 0.0222276086953989
48600 0.016544577717005893
48650 0.02458769878485656
48700 0.029033759845326308
48750 0.01996309051599318
48800 0.024242947199896666
48850 0.021468192782052385
48900 0.020278170824703515
48950 0.019478058749235923
49000 0.022299046391915944
49050 0.02133179883888735
49100 0.019428573200792228
49150 0.02936949531618749
49200 0.021945752484669966
49250 0.025702794675787274
49300 0.02049942208393231
49350 0.01733894438930433
49400 0.017715324648583757
49450 0.02290163518650165
49500 0.020830977829537543
49550 0.022271643048140857
49600 0.021942841597572402
49650 0.017974210061722153
49700 0.0192408117152661
49750 0.021967708142275243
49800 0.022548114707017217
49850 0.025634645833440287
49900 0.019492198771065304
49950 0.022047833773587076
50000 0.02283323593590823
