50 0.9944923882785869
100 0.9984009875140107
150 0.9928946820014428
200 0.9926449040067634
250 0.9927350177151438
300 0.9930275170136806
350 0.9934991230715061
400 0.9924050052896616
450 0.9913987134864191
500 0.9901598120648119
550 0.9908248565105817
600 0.9901095202120301
650 0.9890513237081836
700 0.9855523746241661
750 0.9848981988137281
800 0.9827555218337943
850 0.9801844699060633
900 0.9778516869532708
950 0.9695626423639663
1000 0.9654460481954228
1050 0.9546529808281587
1100 0.9420605131981159
1150 0.9189031397146588
1200 0.8894853068776662
1250 0.8233504941904473
1300 0.6933313192552639
1350 0.5547555165734623
1400 0.46742738922960037
1450 0.3893924826600168
1500 0.3672367219387324
1550 0.23799975566283496
1600 0.24571221406210197
1650 0.13993934249147846
1700 0.2919759127232421
1750 0.2172419502359028
1800 0.1651658226951491
1850 0.16214553887593394
1900 0.1995323226732039
1950 0.18325783743248103
2000 0.14274766927754434
2050 0.13523201042236424
2100 0.11750979524294804
2150 0.12586736986088043
2200 0.12388962874639094
2250 0.07324631564260856
2300 0.14872106809518484
2350 0.056574104300135715
2400 0.1320240484185677
2450 0.1413934572361604
2500 0.04727099267390827
2550 0.05676419268943346
2600 0.06511546682654562
2650 0.07606377744875033
2700 0.11297912669774722
2750 0.04779819399471126
2800 0.1418971655106612
2850 0.047404966113644004
2900 0.05498170930412136
2950 0.05685270247607085
3000 0.0687570750984075
3050 0.073836821779351
3100 0.059926706688448274
3150 0.3259797386585677
3200 0.1480504627770243
3250 0.11677026393095544
3300 0.07902678884192006
3350 0.0468225075825709
3400 0.057213420378550345
3450 0.07960575739134894
3500 0.0425488739099184
3550 0.08393179453586597
3600 0.03935735856904
3650 0.45831240612094404
3700 0.2999106720676211
3750 0.22225253702463324
3800 0.17274226713914234
3850 0.0686106916650205
3900 0.057797404568653045
3950 0.05325995061427013
4000 0.0582701363632498
4050 0.04097946829087451
4100 0.0660694098307237
4150 0.11349711711849732
4200 0.12142383099867025
4250 0.05667979520829152
4300 0.04488053240388689
4350 0.06184985157435321
4400 0.048681678557872615
4450 0.06509105179724972
4500 0.11365815252541599
4550 0.07324103532410944
4600 0.04498218240754095
4650 0.04521766711564107
4700 0.04315138711249501
4750 0.0685867952644933
4800 0.1169628688410333
4850 0.16603475694935355
4900 0.1239996737156446
4950 0.03601600364261845
5000 0.10410050743747541
5050 0.0891084056197286
5100 0.07882877516130753
5150 0.11040256287874206
5200 0.09536842358170547
5250 0.062250750314990555
5300 0.05097067797497361
5350 0.03189719464533334
5400 0.04788884220816641
5450 0.04837894947723944
5500 0.0516200693380102
5550 0.0527856045706764
5600 0.05524286097349142
5650 0.06890678672971821
5700 0.043018964233725844
5750 0.05945195383844947
5800 0.06124840075611457
5850 0.054268372569747536
5900 0.03421493723386884
5950 0.04169264039224893
6000 0.0355867634077284
6050 0.052372353378863284
6100 0.0318552477905609
6150 0.029965723529882277
6200 0.05636635824589005
6250 0.046570411374862175
6300 0.0649186815326824
6350 0.0959293619535246
6400 0.1021387199306175
6450 0.04034547136077569
6500 0.05045102025184335
6550 0.06648086566284711
6600 0.0767374214851715
6650 0.06438094744915854
6700 0.07796382694612253
6750 0.10070502806258147
6800 0.07509559720322506
6850 0.12593437266926752
6900 0.06672911813664088
6950 0.08200342653705364
7000 0.09334536994698021
7050 0.03400654178977576
7100 0.035772246924935996
7150 0.052148973467206906
7200 0.029943484773068428
7250 0.09815977860491065
7300 0.03289413969472276
7350 0.09770026687499332
7400 0.04218479708042165
7450 0.057095411432440006
7500 0.03094345508251522
7550 0.06497539290013023
7600 0.04670218212779466
7650 0.044007357797211884
7700 0.047437336942727504
7750 0.054479286859015784
7800 0.07189654806449317
7850 0.08233496057967371
7900 0.0696504295452715
7950 0.028588497323818608
8000 0.028793757434671493
8050 0.031338925311186455
8100 0.0335822562866455
8150 0.03385402068992464
8200 0.09204340305622652
8250 0.04386160568304897
8300 0.030768935911578612
8350 0.07590144882918509
8400 0.07903332839604318
8450 0.09057804099083909
8500 0.055680695775345825
8550 0.09543981331067829
8600 0.07994470095946053
8650 0.03408388563580232
8700 0.03457925283805468
8750 0.033641619607938426
8800 0.03065073141993034
8850 0.0428322545353374
8900 0.031809951325052065
8950 0.10052839333619944
9000 0.02732065238344737
9050 0.10759598531486683
9100 0.06491017625946918
9150 0.06551860559985903
9200 0.03103279812964287
9250 0.023669733615644423
9300 0.040373409295544706
9350 0.024886041759781232
9400 0.0966137708635518
9450 0.07457805214007002
9500 0.027532603913563505
9550 0.05897566548749168
9600 0.02655622169492831
9650 0.04977752238190206
9700 0.044150659807863854
9750 0.03487188373653688
9800 0.029174468411996453
9850 0.0908413877813257
9900 0.031044390912007724
9950 0.18077569530636997
10000 0.09491949436690097
10050 0.03262317910901383
10100 0.031118783764643755
10150 0.04434189161980854
10200 0.07195913880620486
10250 0.03949344776710048
10300 0.04420448783457291
10350 0.02985088002750099
10400 0.06888785095065982
10450 0.06277816983750971
10500 0.07228886970300115
10550 0.09517025831442728
10600 0.023480747112465446
10650 0.04098208479195168
10700 0.0859021579620303
10750 0.04025770354726803
10800 0.030863184283846098
10850 0.02642721033429116
10900 0.03230815287520826
10950 0.029933569151988016
11000 0.061136883564936975
11050 0.025579442421745674
11100 0.02798100400875817
11150 0.07010400500642211
11200 0.07465294780284935
11250 0.05129114151350688
11300 0.024403791655432976
11350 0.10406716018190632
11400 0.02704552077650925
11450 0.030065118364232576
11500 0.02081558696645396
11550 0.03538731897018274
11600 0.055381359063238225
11650 0.03726948273659542
11700 0.03901655198047779
11750 0.02973632293183124
11800 0.036920887634337686
11850 0.05017191578811463
11900 0.07956862639203345
11950 0.1074957681236751
12000 0.04006932523822409
12050 0.04318285681633474
12100 0.042623292210377584
12150 0.08036606635283035
12200 0.03621265253361961
12250 0.029199078628534388
12300 0.030047958789414728
12350 0.10230243955038268
12400 0.029575093082123683
12450 0.05186764053598487
12500 0.028916723305036734
12550 0.0360568219722544
12600 0.073144818540063
12650 0.028290731050291156
12700 0.05556527410816872
12750 0.04120883154900451
12800 0.03804453833264842
12850 0.1074877489102242
12900 0.11977673568354771
12950 0.07326020269632945
13000 0.04150498220524128
13050 0.055274658816938486
13100 0.0358049982915778
13150 0.09238081713116506
13200 0.11709365235855361
13250 0.09686145466544255
13300 0.06511655261432926
13350 0.09139578557401794
13400 0.1025351796104331
13450 0.08594368906695439
13500 0.04160842975610963
13550 0.07327308812804123
13600 0.1272898274466989
13650 0.06828411570396593
13700 0.03039597881839507
13750 0.07735458015178776
13800 0.09899982480179924
13850 0.05449312998783983
13900 0.07521342329710755
13950 0.05324976927659533
14000 0.11102246598035205
14050 0.03476728603774806
14100 0.021404359830395094
14150 0.05547855782973223
14200 0.07582028918593023
14250 0.08655642360579696
14300 0.07263258014628855
14350 0.06893746514526056
14400 0.030234633334768644
14450 0.0768451419585353
14500 0.08024604919435759
14550 0.053831151634227165
14600 0.06429978815759425
14650 0.03843833166488902
14700 0.0545241360167117
14750 0.02492936867561556
14800 0.02325859946660266
14850 0.12263476191004481
14900 0.1059556814448952
14950 0.021133197876734566
15000 0.02856251187279512
15050 0.04501821973242527
15100 0.03330384649372737
15150 0.035290062730476454
15200 0.07693584354392514
15250 0.0942979450152732
15300 0.10954802865433658
15350 0.042429793670827914
15400 0.03505324992216194
15450 0.020191821411459365
15500 0.053010011604567024
15550 0.02143655790814979
15600 0.016610246499139388
15650 0.0415984682852133
15700 0.01792051690863989
15750 0.030374376439836093
15800 0.04798284563870372
15850 0.03575879021376457
15900 0.023168801164932626
15950 0.03099737749815353
16000 0.06392511486704039
16050 0.05530566415350761
16100 0.07513730196159193
16150 0.047279305687483286
16200 0.02225690174638984
16250 0.017130526161872887
16300 0.033385255833910416
16350 0.02213873789160153
16400 0.028430051001178045
16450 0.019311051193086123
16500 0.02219817462226656
16550 0.022935847500607093
16600 0.0508854882958417
16650 0.022120143870077984
16700 0.032079895774067856
16750 0.02861645200899529
16800 0.03124145959828483
16850 0.028194613059302685
16900 0.04362678347424565
16950 0.03340205067611977
17000 0.02281608113126301
17050 0.05071166304832807
17100 0.03149783507810132
17150 0.04701738169758981
17200 0.06854234143703454
17250 0.020811922459209636
17300 0.020130594068869002
17350 0.05493288040774573
17400 0.01720740518839342
17450 0.033055468903273474
17500 0.06308166908686151
17550 0.08582632360818064
17600 0.03626362898152131
17650 0.03381113217298355
17700 0.056427078937307466
17750 0.03705396983440602
17800 0.02674580294572938
17850 0.025467914551101836
17900 0.0489442800535077
17950 0.033260504130553786
18000 0.055987330552377736
18050 0.09935108065581096
18100 0.11705088049810757
18150 0.027523040366801532
18200 0.05691047557414394
18250 0.037535325394475745
18300 0.022314616940193613
18350 0.021877242332326626
18400 0.033867749088984274
18450 0.06931597607912623
18500 0.0743275875285424
18550 0.029300075992419797
18600 0.03467957848505973
18650 0.040411238019320075
18700 0.08544752934503057
18750 0.03698925893975909
18800 0.025447553522942427
18850 0.02179442645942677
18900 0.043933618491936464
18950 0.05164503130140952
19000 0.07258552298927491
19050 0.05531418305047964
19100 0.019566141128857007
19150 0.024162898195106176
19200 0.06350350913524495
19250 0.020161275953078484
19300 0.026196502279700013
19350 0.1107432807969902
19400 0.06907110930916677
19450 0.01815294502344231
19500 0.04422246119665115
19550 0.02655355577474193
19600 0.043614657790216525
19650 0.05266472126942997
19700 0.10138174765492101
19750 0.05813831649072951
19800 0.08936872206191974
19850 0.021849397138135766
19900 0.03673783151937865
19950 0.03425455498626404
20000 0.03299779565775293
20050 0.038490285891360214
20100 0.02033835010806587
20150 0.02983776180617469
20200 0.026192476902387483
20250 0.03294539729532108
20300 0.026899257549712913
20350 0.020613277271671872
20400 0.028260837259752303
20450 0.025308998575600566
20500 0.030463661488794373
20550 0.019446071219533425
20600 0.030747445925562104
20650 0.03590026037166276
20700 0.06142694656270301
20750 0.07958532815915523
20800 0.06783480296141584
20850 0.06186588494593601
20900 0.054913097792103384
20950 0.036219982721113875
21000 0.07161910152683902
21050 0.051797519471041
21100 0.05165866769285681
21150 0.046419370307605554
21200 0.047414657898900904
21250 0.046796236446609
21300 0.06760288340469656
21350 0.06821873510390795
21400 0.057924057689339746
21450 0.07369029852436679
21500 0.034608308480181704
21550 0.01976310121682603
21600 0.01568004083747345
21650 0.02307752516452915
21700 0.04958592996797935
21750 0.03571291505318239
21800 0.031368926627720735
21850 0.039386998050173795
21900 0.022703053522496543
21950 0.02063995350990917
22000 0.038687817058351406
22050 0.05551068391809458
22100 0.02651199450059053
22150 0.022101691906150925
22200 0.023544236496244056
22250 0.038583017086520205
22300 0.022511310486816077
22350 0.021895662785498874
22400 0.04768142241822706
22450 0.06295286501382785
22500 0.04874222673842772
22550 0.07404797068191424
22600 0.07505324861177932
22650 0.04348401077102251
22700 0.02820493168685538
22750 0.048031144285543344
22800 0.07804735925500628
22850 0.07870670111869559
22900 0.05417347191214129
22950 0.07437478295652665
23000 0.034585470998065665
23050 0.026999015728005067
23100 0.03983344078767772
23150 0.03850365170692999
23200 0.03870163422197177
23250 0.0249807684993893
23300 0.03551791138913653
23350 0.02860392572429534
23400 0.02000198422685719
23450 0.031178492216163513
23500 0.01903234141028273
23550 0.021045248789176327
23600 0.014048260548746493
23650 0.018166611903207217
23700 0.027703456212489708
23750 0.040724369390272214
23800 0.03375967580988215
23850 0.03493408841476948
23900 0.022583746166506387
23950 0.036182966711889336
24000 0.03100584017436038
24050 0.04474106512617571
24100 0.026032808386925625
24150 0.013864699284483199
24200 0.02622941509047976
24250 0.01687672377612499
24300 0.013272840754188858
24350 0.020531996931860284
24400 0.02857227670830843
24450 0.015190525303077405
24500 0.040969997127609604
24550 0.028210779083317747
24600 0.0342382879639998
24650 0.01909811332155214
24700 0.027051604721453182
24750 0.038285147336622555
24800 0.020160719668254817
24850 0.027046616462329132
24900 0.026680107055804016
24950 0.0185407955687276
25000 0.025334477298777903
25050 0.028075166914844164
25100 0.03151706443016958
25150 0.03320125101360249
25200 0.030247432752019073
25250 0.0331052522322751
25300 0.04971767796856148
25350 0.04980927764873262
25400 0.02487328204573717
25450 0.03317177772023368
25500 0.021740574253546814
25550 0.018030552315498053
25600 0.027211146600653945
25650 0.031008343525283578
25700 0.02339053833181663
25750 0.023033442230110543
25800 0.01894785137369029
25850 0.02103610634882887
25900 0.03681890890216481
25950 0.05282744438930355
26000 0.03968568937142941
26050 0.041709410433362334
26100 0.05837937883789341
26150 0.04459081775542061
26200 0.04687519642087184
26250 0.058239405935923784
26300 0.024904453126065963
26350 0.03762114542173304
26400 0.05774810022990823
26450 0.049727221580404705
26500 0.03836906734799539
26550 0.021088463130027497
26600 0.02277313501777187
26650 0.024796452179749726
26700 0.044363183624786515
26750 0.02465035533032897
26800 0.020661193035276568
26850 0.04173253101369492
26900 0.02316568186319961
26950 0.019096973563226653
27000 0.016884747400363234
27050 0.03023266443585468
27100 0.03534179053761975
27150 0.043902523970181594
27200 0.019313193140222725
27250 0.017629959786477054
27300 0.028280778652191533
27350 0.047556419122127006
27400 0.06206301424595213
27450 0.054245801371004744
27500 0.05691716857540232
27550 0.044346782591322964
27600 0.016717258995615797
27650 0.02427037498964788
27700 0.03672691948186609
27750 0.04304132403943939
27800 0.05113843863771848
27850 0.04255537475005834
27900 0.025642125381331458
27950 0.02741356803184972
28000 0.01995235773445144
28050 0.03221551088873809
28100 0.04358761029304702
28150 0.061679197240827904
28200 0.03129643330925085
28250 0.03483981926934702
28300 0.025701309125473543
28350 0.019988043158752602
28400 0.01813948504440738
28450 0.032982921277145784
28500 0.023327016439986
28550 0.01589599798289997
28600 0.01994768492235857
28650 0.019135058496125477
28700 0.03069366057437317
28750 0.023798581551551557
28800 0.030618331263106865
28850 0.025398823126037747
28900 0.032423438782138145
28950 0.021859180544857616
29000 0.025572106611665726
29050 0.04141036471197978
29100 0.04972336160382068
29150 0.02440681248628221
29200 0.026659094496033965
29250 0.02406826595260514
29300 0.03445458786438293
29350 0.022656346861460057
29400 0.025168322962775467
29450 0.017682753780577383
29500 0.02544169985039881
29550 0.013846235989403537
29600 0.018051214080174682
29650 0.034302819821405
29700 0.026971547053606968
29750 0.04456835220245382
29800 0.035754641893107376
29850 0.018041667927018782
29900 0.03208446252350618
29950 0.014786542009454968
30000 0.021922454249503488
30050 0.015696090001427524
30100 0.015438057163824554
30150 0.016791433387916617
30200 0.017092529270035937
30250 0.01809413953604583
30300 0.01879927523857707
30350 0.016561447260723373
30400 0.019518096362253292
30450 0.014917144581262492
30500 0.014467020450522528
30550 0.02052407761651523
30600 0.0168291850133673
30650 0.01550944127388908
30700 0.01637786187464359
30750 0.01615012838735893
30800 0.014471581444133791
30850 0.018232352474741507
30900 0.022929538190706693
30950 0.03222102648120078
31000 0.041440888725099975
31050 0.05098366960436452
31100 0.04865987942672571
31150 0.039260533060674896
31200 0.042744171987831855
31250 0.03759456426078651
31300 0.028129864991029218
31350 0.0268883010567027
31400 0.026629338716606714
31450 0.02480904684471837
31500 0.022503281621486043
31550 0.016003271659982988
31600 0.015229150187798182
31650 0.0204284863997419
31700 0.023087126017818697
31750 0.018567246270326285
31800 0.018249940204606418
31850 0.031175822252870248
31900 0.03699056102752762
31950 0.03134660925471757
32000 0.03151756957468965
32050 0.034022073974729526
32100 0.03310089524425223
32150 0.033071270256662844
32200 0.03255350944858044
32250 0.02462885374079434
32300 0.03892842209801391
32350 0.03307607291000609
32400 0.028909958907596917
32450 0.022234227143002574
32500 0.020544749161759725
32550 0.026929782304239654
32600 0.035537083543766064
32650 0.027714705063451812
32700 0.025308554526263044
32750 0.02539027776005039
32800 0.016041564366829766
32850 0.026541131704868624
32900 0.014273691268700617
32950 0.016101473676248326
33000 0.029382455264160296
33050 0.014799397924878431
33100 0.021940699018241316
33150 0.023302938829495343
33200 0.023915297091932176
33250 0.017933114993232163
33300 0.01759922914853261
33350 0.015235652269017385
33400 0.027067787879030317
33450 0.01847930548355128
33500 0.0156586046912464
33550 0.025173067789599136
33600 0.018055654141630934
33650 0.015641848029305707
33700 0.013274519512913498
33750 0.01362244813666287
33800 0.023129130960945266
33850 0.015581155644419049
33900 0.018783042932083847
33950 0.01629261190316966
34000 0.021277758456065554
34050 0.02285240428251053
34100 0.019593562041631627
34150 0.013320011643394873
34200 0.015087032661593025
34250 0.023853351370548496
34300 0.027850956383407722
34350 0.026160565108685172
34400 0.016986106163362002
34450 0.02111278564102286
34500 0.022190968426354526
34550 0.028642262493590556
34600 0.026839449282787052
34650 0.03311767342596064
34700 0.03568834950299956
34750 0.021362572612933062
34800 0.01914619788829249
34850 0.013938818687435498
34900 0.016667149659568614
34950 0.014744818741745524
35000 0.01631035695457524
35050 0.017248797552096518
35100 0.017263556405340927
35150 0.018168988725670472
35200 0.012557126122487416
35250 0.014898974316097036
35300 0.018233856042180197
35350 0.015744123334738847
35400 0.013911126107617704
35450 0.015773782592426955
35500 0.016992506053161008
35550 0.015936885023985263
35600 0.01452249687211107
35650 0.01549194390883376
35700 0.017031043074974245
35750 0.013844451366244147
35800 0.011587978128937174
35850 0.015114936971520906
35900 0.01472703616984054
35950 0.017234158194232702
36000 0.01915429684508932
36050 0.017540282613649136
36100 0.012223612501193153
36150 0.01931756516960314
36200 0.01260384654504879
36250 0.015874897475508982
36300 0.015894338050021307
36350 0.015129033422324885
36400 0.015061826285038271
36450 0.015508575482980515
36500 0.01952940157855262
36550 0.011924430901206548
36600 0.016734012897285665
36650 0.01625750342766237
36700 0.01944667468750026
36750 0.020917413772921237
36800 0.021969425298067613
36850 0.022242582711965195
36900 0.024465716194714722
36950 0.026482926759646815
37000 0.029344419113107745
37050 0.03219465954099933
37100 0.03262469459721639
37150 0.028231930773920656
37200 0.03468542481904949
37250 0.02941256759848972
37300 0.01835347822937273
37350 0.017626116382111274
37400 0.011977184416223736
37450 0.011623168236453634
37500 0.012747626149477196
37550 0.015807843685146837
37600 0.011693110056714003
37650 0.012232969862234933
37700 0.020553962261585654
37750 0.02329061704106541
37800 0.024706450470266116
37850 0.019335975622476936
37900 0.02131241614674839
37950 0.016166569055641747
38000 0.015384949251624161
38050 0.015368651927016941
38100 0.01274175117641736
38150 0.018284649337333713
38200 0.01623247226756219
38250 0.011168930597557877
38300 0.0179771364567134
38350 0.014326993995192572
38400 0.02425419877095431
38450 0.030705251678251968
38500 0.025793979010391627
38550 0.017600585992588912
38600 0.015822052048575723
38650 0.016938883033740318
38700 0.01486172356299604
38750 0.014233645395977365
38800 0.016840825031197087
38850 0.01702274197841023
38900 0.013335004855208695
38950 0.015497501749948047
39000 0.01525356183990503
39050 0.013126630625938485
39100 0.01277395820220731
39150 0.015638345751409016
39200 0.014930349013190621
39250 0.01749217932392043
39300 0.01482022061094687
39350 0.012257189946318567
39400 0.014735611204450478
39450 0.014855197779771952
39500 0.014110826208274268
39550 0.01209519812094962
39600 0.01750086426357256
39650 0.015825096702148943
39700 0.021222658348876794
39750 0.014335053852500662
39800 0.012734776024176057
39850 0.012299451617894697
39900 0.015936086902439802
39950 0.015203503974425549
40000 0.015842182188976848
40050 0.013741136034783403
40100 0.016087779449489394
40150 0.01314298293457478
40200 0.012551524783062824
40250 0.014357569133027843
40300 0.013957516596274554
40350 0.016451308997206184
40400 0.015386292526585684
40450 0.01716989791241449
40500 0.01835121886397489
40550 0.014261325990003477
40600 0.01647996669090968
40650 0.018145886659561385
40700 0.016748693206068685
40750 0.012693344507944702
40800 0.015911532443587666
40850 0.016384651305438015
40900 0.014651470349444338
40950 0.015444203483043392
41000 0.014322934057392421
41050 0.015680252295391918
41100 0.01533053020558988
41150 0.01613311909847847
41200 0.01685028355267414
41250 0.01505467325578847
41300 0.012193395919263375
41350 0.015889110589233906
41400 0.013154496292074746
41450 0.022585724101128687
41500 0.01993687339122102
41550 0.018008133412361765
41600 0.02114364907118929
41650 0.020458393138523094
41700 0.024552759405418647
41750 0.019627118328247397
41800 0.018710368101480603
41850 0.017187649269954558
41900 0.01215947672083763
41950 0.012431366962299377
42000 0.014347827241224721
42050 0.013378112115574759
42100 0.01549461773082067
42150 0.014975097643932865
42200 0.01301344100188969
42250 0.01360950847048645
42300 0.01744475675319477
42350 0.016233512534277114
42400 0.011166292780105646
42450 0.015587992953596766
42500 0.020585204149108662
42550 0.013708263613728955
42600 0.018192760447703727
42650 0.014699633105219538
42700 0.014455064825862863
42750 0.015353279353706095
42800 0.012888290461890014
42850 0.01828649738253968
42900 0.014162032724876372
42950 0.014358524513388184
43000 0.015406889727837781
43050 0.015193731095129545
43100 0.016198299747098754
43150 0.011839658420745584
43200 0.011487013964490544
43250 0.012799488093034038
43300 0.014093529035266382
43350 0.014194683514366653
43400 0.015652476421421712
43450 0.013837529375630583
43500 0.013620589449387595
43550 0.017364610410307495
43600 0.015539503294868423
43650 0.02044885207993208
43700 0.021750893869716407
43750 0.02133283157791166
43800 0.023821256185512132
43850 0.01870622843190796
43900 0.021735400757968853
43950 0.024236483312069172
44000 0.0301772123064168
44050 0.028082603242681633
44100 0.03301005693007102
44150 0.035011221719235354
44200 0.03206882540837637
44250 0.028348168592086758
44300 0.031340599616456764
44350 0.028050855400981452
44400 0.03387484256447634
44450 0.024660374051222313
44500 0.028532325062513
44550 0.025231446169124993
44600 0.02126014949368296
44650 0.025255125504900472
44700 0.0202368842692407
44750 0.02318833932386485
44800 0.019197375885175838
44850 0.027108780152020156
44900 0.02369549575329832
44950 0.029047387087062303
45000 0.03259144362126407
45050 0.03626643202712508
45100 0.033198682162579395
45150 0.025984416581281748
45200 0.03150081572052172
45250 0.03415556455943093
45300 0.030597386645459402
45350 0.027033433743571814
45400 0.025904449518012063
45450 0.025902511308902035
45500 0.02732556464496707
45550 0.022445396441490247
45600 0.023297430484382212
45650 0.022670980142011743
45700 0.021822464878373415
45750 0.020129258437028293
45800 0.02172160311864603
45850 0.015305575470465755
45900 0.015820706720497228
45950 0.01827455773644775
46000 0.017190797502065917
46050 0.016148756398622642
46100 0.013210333549563063
46150 0.016160526063142826
46200 0.016180968354537133
46250 0.017350658498319377
46300 0.012696340359821616
46350 0.014296073226686572
46400 0.014511884759199196
46450 0.017030205858746598
46500 0.02028956569421416
46550 0.017635075334798075
46600 0.016361710527742174
46650 0.014575065631863648
46700 0.015063123694087101
46750 0.01740300782577776
46800 0.014971830840623113
46850 0.014381999619558578
46900 0.016569022976868332
46950 0.014579254694810558
47000 0.014978467798957845
47050 0.0157855301393086
47100 0.014697788916163402
47150 0.013923899300230537
47200 0.014356508925015556
47250 0.014485514245686594
47300 0.013922980809179239
47350 0.01338487562352497
47400 0.011274525138015265
47450 0.016044111736655636
47500 0.013377556571573832
47550 0.01408734554859396
47600 0.015624103549468932
47650 0.013316959487792124
47700 0.017533269570131817
47750 0.01431404519760541
47800 0.014028737410044338
47850 0.014825513221035624
47900 0.011605214437476048
47950 0.015017310704387136
48000 0.015379804431335688
48050 0.012337835778410694
48100 0.014035162300638178
48150 0.013529332023181006
48200 0.017031145622024367
48250 0.01363817196204973
48300 0.014445422450854348
48350 0.01500210546306443
48400 0.014280935008834372
48450 0.011888335807303918
48500 0.014977659570472384
48550 0.01374773023459793
48600 0.013416681209273461
48650 0.016420396286439997
48700 0.013828169576567908
48750 0.008910834492412593
48800 0.014798557293686608
48850 0.013658796296323909
48900 0.016437568297715234
48950 0.015006698346108571
49000 0.013379992360193051
49050 0.01566087277667733
49100 0.012381788169735628
49150 0.011595353214914872
49200 0.013694702009624547
49250 0.015922432583388754
49300 0.015191054873965885
49350 0.012029761717722721
49400 0.018451344689920282
49450 0.012441126826736697
49500 0.01643043226005708
49550 0.014141574451456466
49600 0.011988789850208823
49650 0.014442433394026412
49700 0.016316365984876374
49750 0.011029778550845092
49800 0.014713012774387541
49850 0.01732771193580637
49900 0.015544582954646925
49950 0.012455203854511274
50000 0.011817465887023424
