50 0.9611239510737175
100 0.988780004663512
150 0.9887618890822285
200 0.9879094009650775
250 0.9876378432276273
300 0.9861803902851947
350 0.9859131044962308
400 0.9842955920396353
450 0.9827940723326285
500 0.9812478742872924
550 0.9776362311891937
600 0.9762942203749084
650 0.9731408830259588
700 0.9693360688302081
750 0.9646757180352138
800 0.9580518911026586
850 0.9471003572141815
900 0.9279297961741072
950 0.8998097833535973
1000 0.8445927723711788
1050 0.745708873728163
1100 0.6083479296169652
1150 0.47294070170306635
1200 0.42860264256876374
1250 0.33254671502763467
1300 0.37559119935528235
1350 0.3555698498083004
1400 0.22370772415864126
1450 0.14344470271818913
1500 0.1692818893093338
1550 0.1101412091135092
1600 0.14823531775207785
1650 0.10392152663552194
1700 0.21576315732248508
1750 0.1654260957830634
1800 0.14259772288067982
1850 0.0839812964666859
1900 0.07976554456569696
1950 0.10118024504250608
2000 0.09310152568862104
2050 0.0966032172991524
2100 0.12737909862701732
2150 0.07018291041793968
2200 0.07367940394118272
2250 0.1295951705802235
2300 0.05586424789341579
2350 0.06582179444327207
2400 0.10131485880538325
2450 0.04989243099581279
2500 0.06357591613914426
2550 0.09950612207639693
2600 0.0803792875066306
2650 0.09661677032548179
2700 0.06848702314275595
2750 0.12479454394181774
2800 0.3636605276566089
2850 0.29468265453453
2900 0.14450388745937523
2950 0.055079551077853915
3000 0.06036163145655246
3050 0.0455456255046318
3100 0.0746751356966517
3150 0.06712185921166128
3200 0.05251889006334129
3250 0.06512519095626543
3300 0.059447241469459906
3350 0.10231071660454204
3400 0.0763250713968443
3450 0.05724224924377631
3500 0.07409116947897615
3550 0.04411736142119253
3600 0.09987774369183743
3650 0.03411751158547415
3700 0.057765011887287894
3750 0.046510135925809847
3800 0.15547673764768066
3850 0.0798760267759061
3900 0.037323231170097046
3950 0.0489096040193468
4000 0.06070584055672696
4050 0.08044244963968775
4100 0.06982476423445055
4150 0.08379997975218365
4200 0.17695158285437038
4250 0.1565835643406605
4300 0.07924480081063216
4350 0.0340506110574655
4400 0.5441012603973701
4450 0.39414423572047524
4500 0.22559593790879742
4550 0.1174970858945186
4600 0.042664460422015854
4650 0.05652048855190492
4700 0.05830854605187764
4750 0.040409244282242844
4800 0.036663703775343795
4850 0.04479597351917153
4900 0.03713420106338378
4950 0.031829015886473744
5000 0.12236806434529202
5050 0.09137801657970569
5100 0.06644253007642933
5150 0.09120232941096193
5200 0.06227532721207708
5250 0.02892789252246487
5300 0.0393212881136607
5350 0.02857041094563356
5400 0.046512139586821474
5450 0.038921008528079566
5500 0.04220560637193536
5550 0.050701081204333774
5600 0.05197182449182885
5650 0.03542334085242518
5700 0.0692557054224595
5750 0.0396943642274204
5800 0.06781177285478726
5850 0.0581099562064623
5900 0.038966142882878474
5950 0.030516230130702145
6000 0.09980368033458638
6050 0.05344670364736943
6100 0.04249524680840718
6150 0.06268854713354309
6200 0.03790791351239565
6250 0.039739556323140225
6300 0.05773797479392983
6350 0.026854202573445382
6400 0.030742695723406644
6450 0.027451516054920654
6500 0.0634937400525536
6550 0.029605586516617276
6600 0.044664628788774405
6650 0.08413314843990516
6700 0.04387076609440543
6750 0.023828348988809117
6800 0.025027505767951954
6850 0.03965528470455832
6900 0.03651394974316955
6950 0.04140364495462208
7000 0.06362984963475532
7050 0.12312960760642282
7100 0.07478732130463345
7150 0.040848786451349435
7200 0.1057962103886991
7250 0.10072006989093675
7300 0.04435225257886931
7350 0.09647109230901194
7400 0.03759160533399549
7450 0.04319408046529195
7500 0.06535775590084072
7550 0.06572468034625316
7600 0.07396373831451057
7650 0.04690599670152084
7700 0.0724165937828052
7750 0.03855103430889784
7800 0.036367103491645764
7850 0.07300992561965639
7900 0.025842289054416875
7950 0.06668795754005948
8000 0.10705969637724609
8050 0.045328805959761444
8100 0.08514341680499773
8150 0.14839334564094697
8200 0.0626969470951185
8250 0.08663810095991405
8300 0.041592673284946764
8350 0.028347825380752454
8400 0.034037818393851865
8450 0.022956022958039383
8500 0.04937457767567715
8550 0.091296448996079
8600 0.13101237966990223
8650 0.03283765802560794
8700 0.0466307848151157
8750 0.025689928709450537
8800 0.022108285427328764
8850 0.04770218470145544
8900 0.02675545486728263
8950 0.040616503856438446
9000 0.0532036762382253
9050 0.060124600632328086
9100 0.047990924875743544
9150 0.03143925195244751
9200 0.2271961548481482
9250 0.030394689929586046
9300 0.1029955460244674
9350 0.02023602237905841
9400 0.0577172411939845
9450 0.028606009457129565
9500 0.12234026768363312
9550 0.05415989651313642
9600 0.062011519353152245
9650 0.05119331764771129
9700 0.06955358410780657
9750 0.03453186220652475
9800 0.047985498369298926
9850 0.04157702975341274
9900 0.03167921157322345
9950 0.03736821996848227
10000 0.03253610386478846
10050 0.04240739638464535
10100 0.047288090131353454
10150 0.030515508448202357
10200 0.08421524145810728
10250 0.1370486891541098
10300 0.08188126891847065
10350 0.037640815822043816
10400 0.044503118446241434
10450 0.045900774900561075
10500 0.026825690513712443
10550 0.02867681536625617
10600 0.07348564995336397
10650 0.052723853217564176
10700 0.04125715701738978
10750 0.051202637182031774
10800 0.03888735273433102
10850 0.05336309858195018
10900 0.0402638083006865
10950 0.030547855714240655
11000 0.026394962068219344
11050 0.04024385163110003
11100 0.04414226353306492
11150 0.1049880206439962
11200 0.07930073581657922
11250 0.04954289065354291
11300 0.08950993715741752
11350 0.03395991805828408
11400 0.034233913572400736
11450 0.046319272841724296
11500 0.04542052486953915
11550 0.02723444434831686
11600 0.06045959016236035
11650 0.16442869552128705
11700 0.05832446079198393
11750 0.13130488647539582
11800 0.03160746417134252
11850 0.04169305698461611
11900 0.07135342426802718
11950 0.03043329453092973
12000 0.06956947187897099
12050 0.04620473035984642
12100 0.04020305875865918
12150 0.02661845525644214
12200 0.029218902851951348
12250 0.03833169074622295
12300 0.08736891301589894
12350 0.02043446632917596
12400 0.07387649404437086
12450 0.03423966643305184
12500 0.03937734002059051
12550 0.045268563273258934
12600 0.12675770399151684
12650 0.15926606969187437
12700 0.07979562718225092
12750 0.06902432880667868
12800 0.05810247170164741
12850 0.04292122601305602
12900 0.029085387926090077
12950 0.09737542395136886
13000 0.030634853618287314
13050 0.04466071011273335
13100 0.03817095289536961
13150 0.039661432172452944
13200 0.02566802757179012
13250 0.04158166164315634
13300 0.030891200768524692
13350 0.04317066596489913
13400 0.04958158370718427
13450 0.08169064172943395
13500 0.03989994914031722
13550 0.09125869742394753
13600 0.18418933685972239
13650 0.024471996799107477
13700 0.09879299958841779
13750 0.02927172542350157
13800 0.03961638243359721
13850 0.06537881105940153
13900 0.06569482545488202
13950 0.030335662632893244
14000 0.06574499427800934
14050 0.04629282389185377
14100 0.04376574656041548
14150 0.03622529253824114
14200 0.018878473539995784
14250 0.05041424336153063
14300 0.11175798470974602
14350 0.05249869368425769
14400 0.06027829021951117
14450 0.03245365107131792
14500 0.10805311238244256
14550 0.1308089743276674
14600 0.1268363036782115
14650 0.04574294237735052
14700 0.1078667554521456
14750 0.05107742988765524
14800 0.07002005250865521
14850 0.04004803055978349
14900 0.03141403314186449
14950 0.13396034574822205
15000 0.13787034169237863
15050 0.10956360560957686
15100 0.07672915345769535
15150 0.050327288750305586
15200 0.05751105719450668
15250 0.029844126602069823
15300 0.024602968871786243
15350 0.07142519441883023
15400 0.08611000965058999
15450 0.04357831105178085
15500 0.04593965437413367
15550 0.043596931526680156
15600 0.025947810385286155
15650 0.06160600537449025
15700 0.04618880360996962
15750 0.05281586232473148
15800 0.0334638823869164
15850 0.024382131534752414
15900 0.04234732732077761
15950 0.044000337996756365
16000 0.05702959156673917
16050 0.04368523300156938
16100 0.06123930646881378
16150 0.05430505524414193
16200 0.0397045898448757
16250 0.05425940177162177
16300 0.03862504468335483
16350 0.024351379042471828
16400 0.02232804546465779
16450 0.06252067051757844
16500 0.02702340723951822
16550 0.02089904834087976
16600 0.025287688327451707
16650 0.04800002696416429
16700 0.023785890266653037
16750 0.03446788532817047
16800 0.03505232795303433
16850 0.04576436775409899
16900 0.04986701209598185
16950 0.02375920355008768
17000 0.039603238254895756
17050 0.08412427388718016
17100 0.05485815670781308
17150 0.024709397836224934
17200 0.04166987808298812
17250 0.0529101351866357
17300 0.03435307985568815
17350 0.026201405482662306
17400 0.075692613814354
17450 0.05892730731830291
17500 0.03624310901828105
17550 0.030424922090266808
17600 0.021913710972144444
17650 0.03613223377151878
17700 0.04184622061546648
17750 0.02571104769979579
17800 0.024475985689971037
17850 0.019265891439320712
17900 0.02973526822920609
17950 0.032781581279657766
18000 0.029373505814131
18050 0.05694211132508385
18100 0.021710656784989943
18150 0.03180086659746359
18200 0.044185202261702056
18250 0.09285047037735761
18300 0.06144940342619938
18350 0.0806060463483551
18400 0.05039574690151445
18450 0.1051510566785085
18500 0.064213662131554
18550 0.021031687980327
18600 0.10866606573881868
18650 0.06234917556847689
18700 0.04896605570574942
18750 0.06694504008965592
18800 0.04367183036110076
18850 0.10688485620802808
18900 0.03266849579719615
18950 0.06067850508773579
19000 0.08367870742863064
19050 0.0479888977921304
19100 0.05960082217102816
19150 0.028350001781166083
19200 0.028000149026982488
19250 0.06769870443620528
19300 0.09836651931105636
19350 0.08591578898840524
19400 0.06371927259085546
19450 0.13604757834259193
19500 0.06296028806830277
19550 0.10546329800908698
19600 0.08669454811484839
19650 0.10702865061888876
19700 0.04554915369320771
19750 0.021263520019135833
19800 0.0520118104319557
19850 0.06314450941778747
19900 0.04147027040701914
19950 0.0674126478155713
20000 0.025486812131443357
20050 0.03072242338871808
20100 0.03524808440792446
20150 0.02848528051509747
20200 0.03031640977653391
20250 0.036059279259563835
20300 0.036472469117682996
20350 0.05378271790238155
20400 0.02573838552505003
20450 0.020101978347844954
20500 0.022403333640430022
20550 0.028638116331142435
20600 0.03878092656714827
20650 0.028296834012376298
20700 0.07238252376734237
20750 0.08038812583754387
20800 0.10320836880079666
20850 0.11074778308898969
20900 0.10672280380854235
20950 0.07705972210511113
21000 0.06934466668152016
21050 0.02955239316860825
21100 0.02751717546899886
21150 0.05150654102262042
21200 0.03728301812792684
21250 0.03763507291579947
21300 0.07171855539899476
21350 0.051529073638468946
21400 0.04871006157457749
21450 0.04550859555176785
21500 0.0787113102129439
21550 0.09172636151086377
21600 0.08865459837420843
21650 0.05696686991729685
21700 0.037135109233620234
21750 0.04758850974177118
21800 0.03526024472310798
21850 0.07891486811932176
21900 0.027991525489926852
21950 0.02322702166548819
22000 0.036462892537245925
22050 0.027517845382054915
22100 0.038597927180848035
22150 0.016472777571401843
22200 0.02355323766135138
22250 0.02616491901434342
22300 0.0198086231101776
22350 0.026521280933539323
22400 0.022593785477091802
22450 0.03992145846980365
22500 0.020768730745120787
22550 0.026816798142957364
22600 0.022065782894877393
22650 0.02159467854514657
22700 0.06405828681517066
22750 0.020234921684903227
22800 0.02125961368109151
22850 0.02317124262350705
22900 0.04326427420507404
22950 0.040554585838811774
23000 0.025692544122871485
23050 0.032040232513039585
23100 0.0216305584777709
23150 0.034739472780521016
23200 0.017079505304351945
23250 0.03111765929512445
23300 0.02312620660391893
23350 0.02312658698438739
23400 0.05434831199628214
23450 0.020480621357349293
23500 0.02184289466489663
23550 0.01441919911271269
23600 0.02086094390432747
23650 0.023613103506363965
23700 0.034126661536195965
23750 0.018827538228457424
23800 0.07577780181311305
23850 0.04387065966791683
23900 0.05854297404746524
23950 0.01992988900184585
24000 0.02051738579184585
24050 0.024735454062335533
24100 0.026707017912033667
24150 0.03414391970238191
24200 0.06085502884514239
24250 0.06483394098380772
24300 0.0814366992524451
24350 0.0288706974423955
24400 0.019089107779878163
24450 0.05316296152509116
24500 0.019991807131575622
24550 0.01837983548919879
24600 0.02636754770802762
24650 0.020618947967300304
24700 0.01737645695601459
24750 0.02385298995810887
24800 0.03754125866282626
24850 0.026205795116189555
24900 0.03635813077536229
24950 0.0476101405882273
25000 0.04111369717880711
25050 0.041745613072746254
25100 0.05149007815047249
25150 0.026571674104047132
25200 0.0185007803054886
25250 0.017834784639473373
25300 0.030238007828941187
25350 0.022084129781498735
25400 0.02035766526104861
25450 0.021830969675404238
25500 0.02288114901171565
25550 0.021965670007535954
25600 0.022489777889017563
25650 0.02698652135817232
25700 0.01615346060677935
25750 0.017756480018663087
25800 0.03333339868927388
25850 0.034385301573177394
25900 0.04240551254127265
25950 0.048405214042632434
26000 0.02531847980810326
26050 0.03454962736282157
26100 0.019783351135691678
26150 0.017541737137239315
26200 0.01936941710393228
26250 0.016430856636175224
26300 0.03725984287376837
26350 0.03166753135567526
26400 0.022095547583409144
26450 0.026048151327600074
26500 0.025933012451164635
26550 0.019783239652453773
26600 0.03005891010832241
26650 0.0312186429616138
26700 0.019978071016798913
26750 0.017002068488381112
26800 0.020397248935918454
26850 0.023678797734749665
26900 0.022645805274317615
26950 0.020407489946474965
27000 0.021088515580325207
27050 0.027191025065195686
27100 0.04129835144952726
27150 0.01808857167060542
27200 0.01875678553917004
27250 0.02729023390255134
27300 0.02934893740536773
27350 0.02339281876838731
27400 0.01951006322682788
27450 0.018698596777496485
27500 0.03399389198136762
27550 0.02418541363943968
27600 0.0373783695252435
27650 0.04697077936138032
27700 0.022810898966416374
27750 0.027993814295394236
27800 0.0435610875031339
27850 0.027157027868928145
27900 0.03838195707095336
27950 0.021289820709644226
28000 0.021619713118298963
28050 0.03603505065462631
28100 0.04534403752872424
28150 0.031060149398272983
28200 0.017688206619250222
28250 0.01956043550328473
28300 0.027558577372297346
28350 0.020584661749230702
28400 0.019099983754847952
28450 0.031126837293499587
28500 0.03370807556713854
28550 0.02213312928119021
28600 0.018560568228239985
28650 0.03221341614564132
28700 0.020369973384906016
28750 0.02901953444543071
28800 0.019338472519511256
28850 0.022279214851010688
28900 0.034260380420432904
28950 0.0303344088352523
29000 0.024151992917242213
29050 0.02499805379828814
29100 0.01819201532228906
29150 0.03979937463633351
29200 0.02481794432911672
29250 0.022695411589669822
29300 0.051807680823966855
29350 0.06403494283141316
29400 0.055088625607016335
29450 0.04346401208645199
29500 0.030691611479174555
29550 0.03135129047302541
29600 0.019485495438410164
29650 0.02362661062732614
29700 0.03451784346036474
29750 0.0427305625404557
29800 0.041269851568506453
29850 0.03258454401436357
29900 0.04229944864090002
29950 0.04280326671106367
30000 0.02714464675881964
30050 0.02073170246011796
30100 0.016059215096797554
30150 0.022570712788447703
30200 0.023208713322542266
30250 0.020823970808321154
30300 0.018918251938757836
30350 0.020751637755213492
30400 0.020014183436547515
30450 0.018809613729477846
30500 0.02000467117495722
30550 0.019266694065470207
30600 0.021918959176650862
30650 0.018108647875178324
30700 0.023548552301200325
30750 0.023674567596147916
30800 0.024315939824637943
30850 0.01890060372436537
30900 0.022709304757346838
30950 0.02808645821910951
31000 0.024693774753394255
31050 0.026029324638139516
31100 0.02130811907192794
31150 0.039912737503612336
31200 0.03197046415734553
31250 0.027913596247073888
31300 0.02907313419665442
31350 0.043647876611637604
31400 0.02409313646105637
31450 0.04104086456556236
31500 0.033380468177966506
31550 0.03625114115885721
31600 0.021136676807733075
31650 0.03095234693146945
31700 0.03845033589459836
31750 0.04440244400314404
31800 0.030589200445967937
31850 0.02965403875813906
31900 0.0195341773275488
31950 0.02537454815373216
32000 0.03191226271489589
32050 0.027063159873973876
32100 0.02487241245848111
32150 0.02126832074236127
32200 0.03399529427671779
32250 0.03073105042161308
32300 0.026158464768351986
32350 0.027862031840405983
32400 0.02231451206083167
32450 0.022532549163422448
32500 0.02073466522117474
32550 0.014020526739857441
32600 0.019704724908956365
32650 0.020324489519876743
32700 0.01874887302674667
32750 0.017500262421379295
32800 0.01659822163725396
32850 0.02114659413809378
32900 0.01782585028350532
32950 0.017706979667908372
33000 0.02176238857414941
33050 0.018074785266504856
33100 0.02399195946662557
33150 0.02269517225971187
33200 0.028353836041166727
33250 0.02688466070906299
33300 0.01818851289708554
33350 0.020780679707713513
33400 0.018326080980982522
33450 0.0234261631001849
33500 0.024370773379654428
33550 0.017119834236086776
33600 0.024979345046931674
33650 0.030803295567140662
33700 0.017872851518414497
33750 0.020062410753177305
33800 0.020228822315029673
33850 0.029770069438520237
33900 0.015659556168310853
33950 0.01969818030168944
34000 0.018106498075088445
34050 0.02482770532119925
34100 0.018749639745563883
34150 0.025573725979158735
34200 0.031728817702100835
34250 0.020802147696777646
34300 0.026100814961286776
34350 0.025905079941574097
34400 0.031046751773459846
34450 0.03146014138071088
34500 0.03186759692999053
34550 0.0257426943928025
34600 0.019362624662610177
34650 0.0201749781388401
34700 0.01689928893980997
34750 0.02245192181244753
34800 0.022627148142919704
34850 0.020154710895922225
34900 0.019177039712702893
34950 0.026745839700536445
35000 0.04176099907279974
35050 0.037729686422108256
35100 0.032083040517968626
35150 0.04333781523924819
35200 0.03348888222850968
35250 0.032072604608289285
35300 0.028171967713656862
35350 0.0321029173253285
35400 0.02987031503629376
35450 0.023418963261522093
35500 0.021048995145600793
35550 0.017102277985178684
35600 0.01734938564779442
35650 0.02271576101518927
35700 0.017945373926112052
35750 0.01848917716084297
35800 0.020841687399688988
35850 0.020308121848693003
35900 0.021342973686056317
35950 0.022153263536545276
36000 0.020479658689346557
36050 0.015756426680938403
36100 0.015710137764996513
36150 0.02439857701097716
36200 0.018056151868747
36250 0.01760646946469882
36300 0.019329305355659656
36350 0.024246597059647875
36400 0.021069650084449658
36450 0.026641629963109998
36500 0.023125411212177493
36550 0.021216018683015203
36600 0.025716583958307546
36650 0.02183201127991805
36700 0.022221105223283223
36750 0.019220202064227875
36800 0.02056265619947042
36850 0.021142851848912205
36900 0.029382260084440837
36950 0.028449431641987332
37000 0.031110363574809192
37050 0.028505659833203877
37100 0.03653256826607366
37150 0.03153018197384737
37200 0.021272494494452388
37250 0.025074468861764503
37300 0.032578012752474315
37350 0.021792966999355623
37400 0.01826477837960529
37450 0.024631717596009337
37500 0.024730707190480497
37550 0.024224784031206436
37600 0.03299532722158054
37650 0.027602496802389822
37700 0.028397521571958337
37750 0.022309846939116588
37800 0.022986363588923735
37850 0.025345096523317765
37900 0.02953121197832514
37950 0.02488835908133881
38000 0.025580152547666206
38050 0.021732131174332977
38100 0.03544386518102266
38150 0.03122691306463832
38200 0.031891240799786474
38250 0.03193756573648211
38300 0.025361515125571464
38350 0.032619660197495993
38400 0.033550672905172496
38450 0.027612972762903726
38500 0.03466979731447456
38550 0.02861981309537138
38600 0.03363684010042879
38650 0.031553531351383286
38700 0.027958504563179852
38750 0.020779419385641047
38800 0.01884818682214388
38850 0.01960745409291308
38900 0.017241486380553513
38950 0.022665939966992656
39000 0.019640612989226758
39050 0.017976422996206734
39100 0.023704132651045203
39150 0.017981511500402638
39200 0.021965599561512002
39250 0.03157312067787313
39300 0.029183679128035316
39350 0.02790612592962148
39400 0.023747825615259184
39450 0.027938454834108162
39500 0.0226733254649626
39550 0.017479311360145612
39600 0.017294514788044727
39650 0.018442436975815997
39700 0.02073954101946884
39750 0.019453155661994296
39800 0.018230625879515714
39850 0.02014175065870957
39900 0.021172665856852096
39950 0.016564263844940114
40000 0.018121711783350987
40050 0.023117413652517266
40100 0.019474540087588577
40150 0.01687268654747177
40200 0.01840653612113185
40250 0.015699513588885758
40300 0.021922459437998636
40350 0.020069870772879535
40400 0.018552510932221312
40450 0.022445019246682126
40500 0.02693660835616718
40550 0.02868932114657642
40600 0.02273228621349586
40650 0.018808018974457382
40700 0.02778249950543174
40750 0.021943348597524764
40800 0.023578947046365012
40850 0.025729784218074137
40900 0.02038801273689642
40950 0.021995347621414862
41000 0.024949075813867884
41050 0.02087421146547732
41100 0.021647689682976957
41150 0.026283170218491154
41200 0.035301082081440976
41250 0.0309857870361671
41300 0.027653270966981277
41350 0.023669994526431294
41400 0.02581011444170869
41450 0.017886581457042437
41500 0.016661909589159248
41550 0.019354245313525625
41600 0.022674426397656218
41650 0.022525763897443853
41700 0.019381485313292268
41750 0.015016151747514167
41800 0.021205769232624683
41850 0.02185872366794769
41900 0.016977240981764414
41950 0.017273834886921885
42000 0.01631384649948842
42050 0.017055619807687463
42100 0.019631141217730942
42150 0.021341141371932205
42200 0.01731010308980449
42250 0.01758154765156316
42300 0.016351082713515586
42350 0.02121287919124346
42400 0.02488474537954223
42450 0.022145247514697042
42500 0.015501346506507469
42550 0.02005096591706836
42600 0.02045448965372964
42650 0.017952970444033805
42700 0.022494387724106085
42750 0.025548643380435335
42800 0.01607581379357668
42850 0.016847996883857366
42900 0.019852605358009524
42950 0.01792284317979944
43000 0.020861975782010017
43050 0.0196790058491761
43100 0.01620884891180223
43150 0.019059973717966895
43200 0.014344206100926387
43250 0.01607896360425983
43300 0.020558356239962928
43350 0.01513503423224117
43400 0.020959089790159216
43450 0.01798067360977723
43500 0.019720411101567647
43550 0.018717521914614267
43600 0.013913393059228615
43650 0.01901262702816784
43700 0.019656275727163545
43750 0.01632224398523434
43800 0.019564200011000704
43850 0.01975721183656677
43900 0.018607625984240896
43950 0.016176712829126735
44000 0.02086751082666543
44050 0.017102527489705532
44100 0.01835863859258879
44150 0.020390299099726974
44200 0.017906460627415806
44250 0.023305964086365052
44300 0.017593751764107088
44350 0.01993432468658258
44400 0.020519613452227026
44450 0.02097693451984166
44500 0.01758987723219556
44550 0.018164766933172694
44600 0.023428508776602477
44650 0.02419885787371125
44700 0.02215377313199874
44750 0.02203078168913683
44800 0.01896396816676302
44850 0.017348664324485036
44900 0.02336411240827134
44950 0.01575375487010098
45000 0.018869473027805544
45050 0.021489417415607854
45100 0.02030418985188141
45150 0.023382344412017447
45200 0.01783603537016795
45250 0.020486077986169388
45300 0.014626395078220188
45350 0.019132297881763818
45400 0.020062143369768824
45450 0.021047130943760123
45500 0.019794396272330195
45550 0.01962295409047929
45600 0.019576191197180064
45650 0.019468070781100036
45700 0.023066500251376413
45750 0.017324946452984828
45800 0.01990020580197669
45850 0.016853561349971
45900 0.021181878489080767
45950 0.02018248459372567
46000 0.022064904466019917
46050 0.021460055015459546
46100 0.021717376751271673
46150 0.018573830115194544
46200 0.02130906125210762
46250 0.02224677902059516
46300 0.01794976850583689
46350 0.016426610362359706
46400 0.022705327986800878
46450 0.023787151945682383
46500 0.020976445375941073
46550 0.021634081185670943
46600 0.016917797348869508
46650 0.02380571852777867
46700 0.02239439207265574
46750 0.018551634729405887
46800 0.02078926731476322
46850 0.023343401762052733
46900 0.021565559787887573
46950 0.024861548065324895
47000 0.021386875662225434
47050 0.02559062624276693
47100 0.024864550281856714
47150 0.030258021698449978
47200 0.021328736042470552
47250 0.01983664737996155
47300 0.020550138720130118
47350 0.018486857183560045
47400 0.020117944117461515
47450 0.02230165724413135
47500 0.025038543079511488
47550 0.02321310843541485
47600 0.023660528952398903
47650 0.02290357081612044
47700 0.021868280853094703
47750 0.0293726652304423
47800 0.02284712459669652
47850 0.025652980808623337
47900 0.023803342246910487
47950 0.029633051819582784
48000 0.023153822318307756
48050 0.02610284782510861
48100 0.02798321840291778
48150 0.020689554763730307
48200 0.025647900482911084
48250 0.02515414292224734
48300 0.03106048005906663
48350 0.03643061076148229
48400 0.02814143383997043
48450 0.03392101224137675
48500 0.03357661932665426
48550 0.02368954446096928
48600 0.02852888962636694
48650 0.02293838437061625
48700 0.02634985382595684
48750 0.022396237722995135
48800 0.016205028473699094
48850 0.02415358809554498
48900 0.019231031855437623
48950 0.019109701269911863
49000 0.017643805008275025
49050 0.018570730342928558
49100 0.015882691137232983
49150 0.015987550231953473
49200 0.019488289077672673
49250 0.017547164930541724
49300 0.022249749089041992
49350 0.020730470329470303
49400 0.02066838985849014
49450 0.018017354515089283
49500 0.021432440252974288
49550 0.02099540910963674
49600 0.01799276617591654
49650 0.020081792895916373
49700 0.016903516328935175
49750 0.020773446256286594
49800 0.017822372470078684
49850 0.022582701988644618
49900 0.019372807338476405
49950 0.02541967454074091
50000 0.01899784212937323
