50 0.9983736886287929
100 1.00623878676526
150 1.0034122222848405
200 1.0019651687480786
250 1.001027626502695
300 0.9999211907659241
350 0.9989105803383262
400 0.9979514814192214
450 0.9972712727726112
500 0.9963618579599912
550 0.995820789045971
600 0.9951816151189041
650 0.9947129375738576
700 0.9938825124074249
750 0.9932793716825055
800 0.9922258551826947
850 0.9909040543520518
900 0.9885090357473062
950 0.9853669825224518
1000 0.9807709255761811
1050 0.9744942690407816
1100 0.9647524640122127
1150 0.949513295499135
1200 0.9245692596824829
1250 0.8839500455180923
1300 0.8095381307075601
1350 0.659329572518186
1400 0.4764715047175024
1450 0.36766741854502016
1500 0.2631596704695327
1550 0.3319398184294833
1600 0.23717548261255814
1650 0.1923065112781342
1700 0.16100675263831513
1750 0.15022650463794668
1800 0.17847643509190134
1850 0.15118242070348178
1900 0.1297647318508822
1950 0.13811461736799543
2000 0.11994408445501772
2050 0.11051332574777428
2100 0.10757082210758714
2150 0.12640521369532445
2200 0.10287469205962799
2250 0.13392292660028707
2300 0.10380562901157696
2350 0.08716753320249526
2400 0.09543055286142413
2450 0.09547228890310126
2500 0.09653899546739682
2550 0.11190436773043533
2600 0.09359209607084693
2650 0.08744886672458077
2700 0.07373451764567426
2750 0.08652984276435531
2800 0.0981780588421761
2850 0.0750150892341683
2900 0.08661950085483532
2950 0.06741805987644026
3000 0.06668261428849229
3050 0.07543662161172791
3100 0.1011122665105558
3150 0.08589930710149013
3200 0.06459462749329646
3250 0.08733166488137525
3300 0.06235319669345403
3350 0.08894983085798759
3400 0.06509221234011706
3450 0.12185799190297258
3500 0.0775212287800229
3550 0.05523078454987324
3600 0.05586658318781657
3650 0.19430485476151538
3700 0.1083419498598377
3750 0.0730733173500583
3800 0.060120978372094
3850 0.05299594121210732
3900 0.058710238051119655
3950 0.055256257548327754
4000 0.05110316748771082
4050 0.07193199532959459
4100 0.06633736435502147
4150 0.14621408029139019
4200 0.07022542865468748
4250 0.058415226393208064
4300 0.04809551539043326
4350 0.0464272098605618
4400 0.06189207715421665
4450 0.049378849699186766
4500 0.06293862971398184
4550 0.04701593420314528
4600 0.10228646186350238
4650 0.09502046075586378
4700 0.0577047578739211
4750 0.054359174292260774
4800 0.04833624080405942
4850 0.056862376846360196
4900 0.04111610609800698
4950 0.052862471556334945
5000 0.13153630647591885
5050 0.09242562621423563
5100 0.060085459779963615
5150 0.0440107355446394
5200 0.04544677071929447
5250 0.044560541888905694
5300 0.044753265917235524
5350 0.047606580887074715
5400 0.049069731727239434
5450 0.04211606526144566
5500 0.042372304880523196
5550 0.04586189278388741
5600 0.04512895629118851
5650 0.04133726357535308
5700 0.03890136789894945
5750 0.046885315532857984
5800 0.05056102940705159
5850 0.041354041713933816
5900 0.04949530783981324
5950 0.04830363221292909
6000 0.04188374963716227
6050 0.04975129603978226
6100 0.04040938709608516
6150 0.04172224054182812
6200 0.03894106071190242
6250 0.038499032585197254
6300 0.03965945291584486
6350 0.04123879313269973
6400 0.051791496370217294
6450 0.04546661417594799
6500 0.039706669077157454
6550 0.046572955015498615
6600 0.03860779592663046
6650 0.03774536448874241
6700 0.043695053288035766
6750 0.03840134511900052
6800 0.04283816430265117
6850 0.03630045600650705
6900 0.039819528409244645
6950 0.040326393246877174
7000 0.04957324823954472
7050 0.06645972550768355
7100 0.03602612458899845
7150 0.045187109639405726
7200 0.03772865362543069
7250 0.03692187889799125
7300 0.038036925650589734
7350 0.046564671079790655
7400 0.03582265308082226
7450 0.040635408513189704
7500 0.04636730467010861
7550 0.03520311221381867
7600 0.04429925949419996
7650 0.035163017109290505
7700 0.04840578825320502
7750 0.0389638618000369
7800 0.0401896034368731
7850 0.04721259216446485
7900 0.03489582308548409
7950 0.03993238954203222
8000 0.05313825668479751
8050 0.04787812782939268
8100 0.04333093145990737
8150 0.04412377626472361
8200 0.03832533953318794
8250 0.03738284045394401
8300 0.035265352002992106
8350 0.03770709601228142
8400 0.0471157228275552
8450 0.03886337387761508
8500 0.03864393129822796
8550 0.03332098658605725
8600 0.04085089672812373
8650 0.04171060411292475
8700 0.05634519192883489
8750 0.03537978363950103
8800 0.0343198402579351
8850 0.03269223360048237
8900 0.03503328251081164
8950 0.03457065002653055
9000 0.032755913519888005
9050 0.03546379295346177
9100 0.033329853885847215
9150 0.032569272859258834
9200 0.03315952002202976
9250 0.0340076492135699
9300 0.03831092035949359
9350 0.047327528811867005
9400 0.03205287671985912
9450 0.03209672075280025
9500 0.039978973344649685
9550 0.03168290527482111
9600 0.03332426940477026
9650 0.033015289763385795
9700 0.03193231585172438
9750 0.04685175456393745
9800 0.03372147445638594
9850 0.032417711648319844
9900 0.04596664771689639
9950 0.041007170367087814
10000 0.029801594540849068
10050 0.03290157596745244
10100 0.03308639062893991
10150 0.03509430034010253
10200 0.031249356904132893
10250 0.03405255731297344
10300 0.032625837553287865
10350 0.030834683240185706
10400 0.03500985945274743
10450 0.03323722760262442
10500 0.035180062668618325
10550 0.030213815419162255
10600 0.03434097921226822
10650 0.037114447157472474
10700 0.03016608236542265
10750 0.03874176604538538
10800 0.03342262929836317
10850 0.033017539972449994
10900 0.030270229305452326
10950 0.03132694296516206
11000 0.030995557218104392
11050 0.031828998049277135
11100 0.037302486941238784
11150 0.04411589599011429
11200 0.029172645090761493
11250 0.04462836828893096
11300 0.02958886964182121
11350 0.03203198182001312
11400 0.03058506428040013
11450 0.02980980314728581
11500 0.03519207283494563
11550 0.029181776026544978
11600 0.029697289843796635
11650 0.027990625914922167
11700 0.03510367781157257
11750 0.027216832922442574
11800 0.029867775805597983
11850 0.02869016595329575
11900 0.028980056737475633
11950 0.03138789045082225
12000 0.027961248513570406
12050 0.028046927093140706
12100 0.035702003085476164
12150 0.027890404927009
12200 0.02960626945944404
12250 0.03047176854883539
12300 0.02784726205821795
12350 0.030121525377144454
12400 0.026359493977435016
12450 0.03643517288926244
12500 0.029109001175115345
12550 0.028400640672637444
12600 0.032962372868129634
12650 0.02772826388072636
12700 0.029365168538680975
12750 0.027004090423974263
12800 0.028917549228633255
12850 0.029527531673334315
12900 0.03534577244126316
12950 0.029299500902989727
13000 0.033314717496898856
13050 0.026768063366409366
13100 0.026521806214865936
13150 0.02715878233158234
13200 0.02965334739781989
13250 0.026210615818083583
13300 0.02516996179208444
13350 0.02981587007272831
13400 0.02401079228644332
13450 0.026109476297301443
13500 0.0254881554065522
13550 0.038425744554665076
13600 0.02687792862252256
13650 0.0246379297291796
13700 0.02473548821125084
13750 0.02740830532770767
13800 0.02591542166308746
13850 0.024289044302029033
13900 0.041374784209794714
13950 0.027947476067578886
14000 0.032653298456012204
14050 0.02597608873907316
14100 0.023827040256935866
14150 0.023737467629767306
14200 0.033922400337090354
14250 0.03151611054533682
14300 0.025236761638351993
14350 0.024794700950444178
14400 0.02756542548559697
14450 0.038211537745498195
14500 0.023449772165058412
14550 0.023779086646585644
14600 0.02425853715262931
14650 0.02637503447939392
14700 0.025617404131659888
14750 0.030802970138971833
14800 0.023367007755993117
14850 0.028281231890448805
14900 0.032408235999722625
14950 0.022288328349101483
15000 0.03810886331054987
15050 0.031037362303545993
15100 0.02252243811728957
15150 0.022673899888472845
15200 0.02649994221638693
15250 0.030336171157155287
15300 0.02625783525910286
15350 0.02346102135071371
15400 0.02356170558802643
15450 0.022387010544281948
15500 0.029896326398927406
15550 0.04014645382100302
15600 0.025313008450949224
15650 0.022997931769716536
15700 0.02423989306280238
15750 0.02777050208488747
15800 0.021952991958638188
15850 0.03162908654753896
15900 0.026428529017852767
15950 0.023123615540102463
16000 0.029571387890343914
16050 0.021609413350106143
16100 0.02797222939319463
16150 0.021532281164593183
16200 0.022439185657559823
16250 0.023936123253720482
16300 0.022089254412501487
16350 0.03175664166597519
16400 0.026098752610607717
16450 0.022046688903875
16500 0.024524737798711005
16550 0.0438239186776693
16600 0.024198140023547268
16650 0.021681571219161633
16700 0.024982513587556314
16750 0.021766931964787548
16800 0.020887233428810624
16850 0.03544364189725527
16900 0.02377212858185842
16950 0.021225774387757364
17000 0.023924688256482543
17050 0.021079042350185855
17100 0.026223281104309364
17150 0.024890325147530076
17200 0.021740274053995375
17250 0.020029344262968818
17300 0.019600966728763044
17350 0.020850624351002774
17400 0.020981557543781948
17450 0.0283010961542033
17500 0.028207083393756015
17550 0.02727928094940242
17600 0.020396491100569455
17650 0.02650355136313068
17700 0.01885876682447551
17750 0.019622282452481318
17800 0.026983574326564865
17850 0.01946012333262034
17900 0.018549520944263015
17950 0.018409649568685633
18000 0.019681104183774757
18050 0.019663124715143362
18100 0.02828829336390067
18150 0.018207925320837804
18200 0.017958268148383267
18250 0.02956104103163186
18300 0.02554314850635268
18350 0.018261675018529124
18400 0.04036336748388589
18450 0.02612480755529988
18500 0.018717837375492815
18550 0.018377225119806186
18600 0.01755220583759719
18650 0.017421984302719185
18700 0.0196174506002668
18750 0.018844710174761435
18800 0.017753901224064103
18850 0.018563398533706515
18900 0.0350762996460208
18950 0.022955202177272052
19000 0.019143037928202676
19050 0.019462468945717782
19100 0.028522754499783205
19150 0.02482185282897121
19200 0.022684010605011573
19250 0.020005448447309327
19300 0.01737918095220158
19350 0.02213926278366957
19400 0.01807041864270243
19450 0.020278519350802885
19500 0.026453228441025774
19550 0.02105913937938827
19600 0.028504387975323873
19650 0.021048108812598325
19700 0.019506124262859154
19750 0.017502671363773842
19800 0.01632106489002284
19850 0.015983976360481274
19900 0.01737459534094272
19950 0.019470658086290636
20000 0.027286631746365864
20050 0.016690065410274593
20100 0.02800169406767264
20150 0.019241359903099466
20200 0.017640207493757647
20250 0.015958204108019097
20300 0.018432831838518987
20350 0.016370320609467148
20400 0.030376578533116934
20450 0.020252302001610302
20500 0.017175028741891852
20550 0.016667039682391922
20600 0.020859716780491845
20650 0.016368501566758564
20700 0.016650708387366295
20750 0.018842692092182478
20800 0.01981743631076461
20850 0.01970081504756582
20900 0.016713469806307137
20950 0.018446011661546188
21000 0.01616833629104819
21050 0.01731960071206849
21100 0.015542856952735686
21150 0.025016928514063206
21200 0.03334742048742914
21250 0.018310545610097644
21300 0.0175051673241244
21350 0.01613150023113924
21400 0.021613894660527228
21450 0.016346742695418377
21500 0.04606322637861444
21550 0.016334945795801376
21600 0.014522382433682552
21650 0.015258754688345848
21700 0.03034906941283933
21750 0.019741915602285172
21800 0.018366614464157317
21850 0.01601987553943412
21900 0.01489981188566524
21950 0.01486994654035679
22000 0.024356386397629354
22050 0.03042961914280405
22100 0.016853108346666156
22150 0.01669980192800863
22200 0.018405683548010972
22250 0.018067749658462817
22300 0.016743083568898386
22350 0.028939807332710336
22400 0.014799227059013844
22450 0.01793881056958486
22500 0.015306237999819094
22550 0.022024278845221314
22600 0.028354285304608113
22650 0.022928506174016917
22700 0.01595605962974606
22750 0.020684166494092875
22800 0.015075533158033318
22850 0.023774720497108666
22900 0.0197092959688897
22950 0.016702777299059862
23000 0.017816094364096192
23050 0.02616854366501591
23100 0.02112556101728232
23150 0.024264684105979054
23200 0.0152043822375949
23250 0.014796102027708636
23300 0.017689872543241187
23350 0.014609041635517826
23400 0.02402867884594899
23450 0.034715738711048556
23500 0.030519548977999113
23550 0.016498538701140212
23600 0.017221525931365982
23650 0.03096748771282899
23700 0.014442636473808024
23750 0.014240852060723624
23800 0.013453162184849755
23850 0.013486946647613263
23900 0.014922401545167547
23950 0.03099138789177454
24000 0.018044780784415893
24050 0.01776464627952204
24100 0.014043050415019612
24150 0.014500027198523545
24200 0.030078967566559922
24250 0.0368067724968793
24300 0.012999438931628289
24350 0.027032149563309422
24400 0.028035021163458566
24450 0.01601578514066002
24500 0.018471621388536086
24550 0.01758246178565394
24600 0.015080866632957256
24650 0.021181015182678203
24700 0.01696181513084129
24750 0.013818086689298601
24800 0.014228967641260139
24850 0.017508299157787507
24900 0.013716808449743382
24950 0.019593510160332086
25000 0.015621405858203036
25050 0.017315094092629518
25100 0.014224417506309964
25150 0.017689781352116588
25200 0.01261484436584588
25250 0.013059093600829385
25300 0.017850907449662334
25350 0.01574573227985319
25400 0.015508169015828467
25450 0.014215084150895865
25500 0.017281814116344444
25550 0.013378267756152463
25600 0.017046052796212522
25650 0.012124401632308558
25700 0.014092430094231482
25750 0.015998682729569277
25800 0.012206222106173014
25850 0.014663731263000895
25900 0.015358528830415242
25950 0.012877353353441359
26000 0.012438762106531475
26050 0.011971839970650286
26100 0.012777058068028991
26150 0.016462061337817233
26200 0.012024300158489725
26250 0.012004583819994374
26300 0.012015331312929945
26350 0.0138814729219023
26400 0.02169133374326989
26450 0.013400377454491335
26500 0.01273566980341048
26550 0.021144402315215062
26600 0.015670311793822472
26650 0.013103937053704154
26700 0.02119144736870422
26750 0.013429284340727309
26800 0.013815937986471573
26850 0.02064796196030429
26900 0.012658767768490037
26950 0.011489080553394124
27000 0.01544281336546589
27050 0.015536005713991009
27100 0.023503966629827174
27150 0.012764646042757953
27200 0.013569223266561367
27250 0.012324124983123675
27300 0.014092767378272933
27350 0.01349942712380754
27400 0.014785952419942983
27450 0.027655649549783178
27500 0.016159163096868268
27550 0.01219159515876905
27600 0.012549760523575697
27650 0.011566508366960984
27700 0.013362688894643072
27750 0.02355782991849878
27800 0.011479789327035821
27850 0.01298043619197529
27900 0.020799949675109883
27950 0.011530970269520291
28000 0.020772632543477904
28050 0.024561021488136107
28100 0.013118431902020502
28150 0.015955004767650053
28200 0.011079397493565544
28250 0.01051701102362267
28300 0.01614208896641735
28350 0.01345360360002307
28400 0.017742273416679555
28450 0.012614476499425945
28500 0.013027437861852958
28550 0.01501560370147362
28600 0.01216197059880487
28650 0.013854465900113725
28700 0.016357262368808988
28750 0.013578110802819529
28800 0.01385892290459232
28850 0.016477713802586533
28900 0.015620865031629442
28950 0.011007863205991392
29000 0.01100186066391157
29050 0.012877989002375457
29100 0.020431977265556275
29150 0.00985114241442459
29200 0.017883851480622805
29250 0.010246042443317048
29300 0.0140533415406888
29350 0.015629595577841767
29400 0.010603751780569699
29450 0.011732890451130868
29500 0.010354574847709368
29550 0.009659855808435478
29600 0.022850461338214452
29650 0.010722685071435593
29700 0.02474973289796043
29750 0.013477748291460381
29800 0.016341392178993098
29850 0.01593662092200263
29900 0.011506734197925719
29950 0.010430967910266088
30000 0.012185709964221629
30050 0.011960943943486532
30100 0.012670165198949833
30150 0.01289906641804452
30200 0.016157344094824482
30250 0.010022515340201557
30300 0.014312900162484769
30350 0.0175323219383669
30400 0.010002450526098121
30450 0.012017586493303622
30500 0.017453457121039857
30550 0.020434313648860034
30600 0.01865403365115754
30650 0.011035415874736752
30700 0.011830018354898874
30750 0.010804032944777449
30800 0.009463514666853546
30850 0.018477817870677225
30900 0.009767584168666162
30950 0.008971624739255842
31000 0.009852040306093176
31050 0.008936374552290745
31100 0.02172558188233525
31150 0.02453996307395598
31200 0.011984141301640902
31250 0.015748839176742295
31300 0.010255766582882814
31350 0.009674500280425902
31400 0.012330560944109252
31450 0.011991459987648593
31500 0.015838735993920283
31550 0.009714843209945328
31600 0.01263177344522588
31650 0.019244886153848745
31700 0.0213703844891141
31750 0.009889890977292573
31800 0.009292740843166026
31850 0.012507983716684596
31900 0.008358199801903995
31950 0.011311036158832121
32000 0.009773254415287008
32050 0.01463023881158873
32100 0.026399943291025598
32150 0.011604193035657457
32200 0.011887070487673162
32250 0.009502718331811181
32300 0.0152607044126319
32350 0.02770759988782327
32400 0.01090367289920418
32450 0.013399608542472505
32500 0.018413931354045354
32550 0.02829476542305245
32600 0.011036375839015641
32650 0.008450179592850588
32700 0.017587418600901232
32750 0.019427554374386643
32800 0.018772169586452093
32850 0.02457910147380868
32900 0.014471590362739562
32950 0.010390668072028188
33000 0.010918713467536291
33050 0.010313858537164291
33100 0.008658973564623912
33150 0.008723943481464786
33200 0.011542964470036738
33250 0.024897072553228605
33300 0.011240983577551617
33350 0.008718140981628581
33400 0.021180266950215285
33450 0.03085277373112386
33500 0.02248731502121766
33550 0.009266954201843971
33600 0.009029562279899992
33650 0.013808191290653842
33700 0.01172060013785829
33750 0.02378258281206289
33800 0.02480636469112769
33850 0.010390355434816943
33900 0.01333119741443167
33950 0.008400382414019627
34000 0.020126311611503373
34050 0.015004341056611858
34100 0.008460022258509035
34150 0.009126974773346928
34200 0.008876005656178649
34250 0.01596972449024628
34300 0.011222569077818146
34350 0.012219504185560138
34400 0.01585634605146691
34450 0.018240018825125683
34500 0.017709634938186756
34550 0.0170718451582945
34600 0.007777671740746274
34650 0.00920836099935536
34700 0.008203428024704274
34750 0.008544282317971583
34800 0.008507885403361842
34850 0.008199348383629486
34900 0.015308855623207824
34950 0.01562864438586998
35000 0.009693795412440578
35050 0.0109916993664769
35100 0.010492935949501186
35150 0.007884794080082991
35200 0.008664223386195949
35250 0.011752983616942133
35300 0.01905511682599218
35350 0.00922444549565755
35400 0.013381947055906214
35450 0.013313742979661109
35500 0.008795052057082173
35550 0.008261299649025678
35600 0.010916638057342644
35650 0.01765788106669231
35700 0.019436752743298726
35750 0.011779188198108212
35800 0.008819752486068306
35850 0.025388200997929378
35900 0.021808734410199582
35950 0.0173193290858189
36000 0.008568957190547694
36050 0.008202520203697723
36100 0.008615071646950512
36150 0.008334380613493456
36200 0.014229555682123323
36250 0.01407264465599
36300 0.014924892064711587
36350 0.014028177194055028
36400 0.016082759243466728
36450 0.011981583401288218
36500 0.009429520295644653
36550 0.014372402115828865
36600 0.008429301644861883
36650 0.008972411711653059
36700 0.011783170162038637
36750 0.010819887937078143
36800 0.015263232842600696
36850 0.012714019284979408
36900 0.00835896496213621
36950 0.009376067639189398
37000 0.007441559276998255
37050 0.01477198809277374
37100 0.00828857567939719
37150 0.008084970928302406
37200 0.010265665655186402
37250 0.007976311560321506
37300 0.010861419551043715
37350 0.021441785111058747
37400 0.014103026378113658
37450 0.008544872607018882
37500 0.00800397971053091
37550 0.008258921611473395
37600 0.010154506533177569
37650 0.011714195240306369
37700 0.012265628140195935
37750 0.015045010038990277
37800 0.00817911442353608
37850 0.007440940630050601
37900 0.008337977059348472
37950 0.006799858500418941
38000 0.01089865735852894
38050 0.008111158158781927
38100 0.007924910589850566
38150 0.012757330621151211
38200 0.008859067397077059
38250 0.011771912505463384
38300 0.013109064151898211
38350 0.009250997513248439
38400 0.007899969315860454
38450 0.010764500542234696
38500 0.009885293529113414
38550 0.01159965289774558
38600 0.008330021593681708
38650 0.00954435688030959
38700 0.007613828764897983
38750 0.014566695552756775
38800 0.009323928581577913
38850 0.0106342229280709
38900 0.013125590692850873
38950 0.007387346107416661
39000 0.014271654354189625
39050 0.00876835010242564
39100 0.025937060605768187
39150 0.02427273547334591
39200 0.01729790035285657
39250 0.01174910516171286
39300 0.007312945233537836
39350 0.00979165673178048
39400 0.01694400583041397
39450 0.014867559419897002
39500 0.014330358345050668
39550 0.019551781671301567
39600 0.009454524534959846
39650 0.009685852109802906
39700 0.008889884519993433
39750 0.007306186774348292
39800 0.01259463026004207
39850 0.013173213126527817
39900 0.010066579776294014
39950 0.006999929994838376
40000 0.010443482196998952
40050 0.01077298020852429
40100 0.008811384793481163
40150 0.008975463973497277
40200 0.007243825615203582
40250 0.008515946716936873
40300 0.006965388677228467
40350 0.007153754826077107
40400 0.009812574154961987
40450 0.007447153386140536
40500 0.009310903874730481
40550 0.011810965790380023
40600 0.0167443981160716
40650 0.014083513950594801
40700 0.013745375873665153
40750 0.007962432557779705
40800 0.008511489808688133
40850 0.009975727545058106
40900 0.009447207442154451
40950 0.009430851633799477
41000 0.012155624138534368
41050 0.014156562297621368
41100 0.00797514464956859
41150 0.0068901413175233225
41200 0.007914796465841666
41250 0.006499317916600237
41300 0.00671640450534764
41350 0.006424697905328314
41400 0.008300558082604607
41450 0.006913049491951098
41500 0.013125719206981417
41550 0.01129613867074348
41600 0.0134134176657841
41650 0.010398435762941766
41700 0.008391290022659365
41750 0.009135228676057972
41800 0.006955010573912702
41850 0.0068865852848727805
41900 0.007295104860690918
41950 0.006869591438437057
42000 0.008697935160734338
42050 0.008441619596468237
42100 0.007030298238987641
42150 0.011412339217349524
42200 0.008379916914276078
42250 0.008696192068437324
42300 0.006406755887705891
42350 0.009475092007330986
42400 0.01158245393781385
42450 0.009658902899284628
42500 0.013886068702308
42550 0.010652156353085508
42600 0.011053300911723688
42650 0.015073361499315048
42700 0.016584012186553563
42750 0.014220767198564722
42800 0.010597903905728465
42850 0.01769363226954478
42900 0.007277614206638893
42950 0.007494099430235237
43000 0.014439673130727153
43050 0.009814412681795691
43100 0.00775243835514735
43150 0.00655414785988282
43200 0.010651495603920234
43250 0.007323635930010802
43300 0.009069569634277002
43350 0.007290794631249923
43400 0.006406164186727034
43450 0.006607654999011538
43500 0.009656576615822124
43550 0.006547175040367802
43600 0.0059732266062325415
43650 0.007010056296707587
43700 0.006863386462250136
43750 0.006215900987067506
43800 0.006181320096706493
43850 0.007049440600964343
43900 0.006636635476107944
43950 0.007438636105936798
44000 0.008839493872406252
44050 0.006247159317362082
44100 0.0066317069243264646
44150 0.0077629378238012
44200 0.00895034340066828
44250 0.0064693856178997585
44300 0.006577402633216819
44350 0.006436821758110251
44400 0.006951238820508466
44450 0.0075234324158967684
44500 0.00685286719993286
44550 0.00669357568335768
44600 0.010251182352832814
44650 0.01413516552054867
44700 0.012161096011073578
44750 0.008007580506775566
44800 0.010525325323950837
44850 0.007501794670940668
44900 0.006290389877857693
44950 0.014341224895540888
45000 0.016522630055861496
45050 0.019154358048183894
45100 0.010162562437619224
45150 0.006682865612261131
45200 0.006720024076798223
45250 0.006476648354422796
45300 0.006684247286715211
45350 0.006714252822317571
45400 0.00817219236190629
45450 0.007192898013489079
45500 0.00655528515504715
45550 0.006721012151102164
45600 0.006348047918396785
45650 0.010874252286452833
45700 0.012738418557639143
45750 0.008454962819373676
45800 0.007301254269816932
45850 0.006607659344781879
45900 0.006803663474061278
45950 0.006856510116397248
46000 0.006342305267872686
46050 0.008896118478442482
46100 0.00998981912368918
46150 0.007142250707110936
46200 0.008332446914748215
46250 0.009062434285832796
46300 0.007215559490002234
46350 0.006284439618267882
46400 0.008925909343731464
46450 0.009153897825665442
46500 0.006625259821458415
46550 0.007909681451941642
46600 0.00845641011804633
46650 0.00857248791765093
46700 0.010990794002943099
46750 0.008260319122258148
46800 0.006518600226106687
46850 0.006803333465909344
46900 0.00764502723667394
46950 0.006838661328481866
47000 0.006522161390766024
47050 0.007797888721999022
47100 0.006746422494226563
47150 0.006159059899311573
47200 0.006202463224898315
47250 0.010740438598839101
47300 0.01055138791708955
47350 0.007153344380699824
47400 0.0067970633736436775
47450 0.008623730454193936
47500 0.008742267124930266
47550 0.009017902071015087
47600 0.006286359963725768
47650 0.0064024725846501054
47700 0.006068294619353151
47750 0.006789981181454022
47800 0.006269580782444461
47850 0.006351268193457902
47900 0.006884748220557534
47950 0.0062569237203743385
48000 0.006081989306456102
48050 0.006133901409088468
48100 0.007101783299201348
48150 0.006069902734755401
48200 0.006171955543840117
48250 0.006933399610591899
48300 0.0078602984206788
48350 0.009434729249123797
48400 0.010116631829224072
48450 0.009317762288909076
48500 0.008357545109076792
48550 0.009751443706180817
48600 0.01210746040568655
48650 0.012363994414785143
48700 0.016477125419743402
48750 0.015506473906556002
48800 0.010920472951928172
48850 0.009993345553470484
48900 0.013353528788805457
48950 0.010661837414819537
49000 0.00667520290695233
49050 0.011977026321635512
49100 0.010200617706783576
49150 0.009992322851516869
49200 0.010031896776477384
49250 0.008156956369498094
49300 0.006928203980287562
49350 0.006428384684566968
49400 0.007430915280767693
49450 0.006658560021356942
49500 0.007659046275416701
49550 0.0067462062908704495
49600 0.006888700855385896
49650 0.006513762294150087
49700 0.007090427591687188
49750 0.0062656807528804455
49800 0.007306323229132462
49850 0.006076472181618555
49900 0.006227526207658196
49950 0.0062973726092916136
50000 0.006002263386047336
