50 0.9839205016147332
100 0.9950061648994363
150 0.9936982147971566
200 0.992262058875527
250 0.9907887985736336
300 0.9890528093581249
350 0.9874508679420553
400 0.9847173826428083
450 0.9821008091398091
500 0.9783515718025934
550 0.9729798942382782
600 0.9629787629857068
650 0.9380868616926956
700 0.8872118029646289
750 0.7873714217404841
800 0.5780397446698441
850 0.37607425511963094
900 0.25143736735872363
950 0.1883784563662817
1000 0.14995577943512353
1050 0.10931026708423086
1100 0.12869581168848596
1150 0.08097879135971328
1200 0.09072858610360876
1250 0.08268366114931407
1300 0.08542246212267479
1350 0.09981089119601441
1400 0.07254441819427246
1450 0.06471406171527981
1500 0.0930609915004494
1550 0.06733355819639635
1600 0.11454088992804344
1650 0.07543280490933284
1700 0.06761571669704908
1750 0.06321968182938963
1800 0.0807759107699645
1850 0.06400456317083456
1900 0.0626154895050882
1950 0.07627014970409711
2000 0.054682008859377844
2050 0.07061618061995101
2100 0.05937052618003628
2150 0.06361813931257493
2200 0.053545093234831385
2250 0.06655106519367857
2300 0.050238534107119516
2350 0.09093359099172145
2400 0.06445854566838297
2450 0.058811774785830065
2500 0.07054238971392392
2550 0.04950432611778006
2600 0.04586134792046027
2650 0.06228842272980489
2700 0.0449567111684303
2750 0.12559680682311364
2800 0.05149262811477284
2850 0.047380020619890245
2900 0.05310807790574543
2950 0.04648654740165863
3000 0.05507005780435113
3050 0.0580994776118832
3100 0.0455228729876572
3150 0.055317544482832416
3200 0.04517078630290718
3250 0.05115697448662101
3300 0.043402298866030184
3350 0.04032501085719478
3400 0.1178301900288179
3450 0.07381440994353668
3500 0.04257284982437229
3550 0.041382105911603746
3600 0.0388635898171777
3650 0.08628047868571964
3700 0.05063636072561684
3750 0.04369369694265448
3800 0.07878897039450611
3850 0.04242939748804807
3900 0.03977645238178922
3950 0.0408790006476682
4000 0.09663110424272021
4050 0.040839309931191975
4100 0.04005332454119126
4150 0.041110849584831397
4200 0.04941575757200572
4250 0.12665015657416998
4300 0.0650217966686499
4350 0.04479352853947712
4400 0.05002322749383535
4450 0.038861850584950425
4500 0.05500963301671383
4550 0.04177802675705031
4600 0.12197114492305425
4650 0.05798172837556884
4700 0.04114094457390968
4750 0.04093440260388227
4800 0.04088998852216791
4850 0.11031122329659554
4900 0.04079572756379357
4950 0.037021297815123436
5000 0.03836325792330538
5050 0.03744664441890181
5100 0.03494330108144977
5150 0.03614719498345034
5200 0.03564638325483963
5250 0.03570973165796105
5300 0.03920697791486065
5350 0.033867986224611464
5400 0.03740628707808612
5450 0.03361125006779512
5500 0.03787147761444334
5550 0.03896436852543818
5600 0.03977185038300085
5650 0.032230555387686974
5700 0.03390594487145679
5750 0.03248100096820685
5800 0.03152657335056927
5850 0.034809420657802015
5900 0.03662243142983156
5950 0.033412389524400024
6000 0.03262365563453548
6050 0.03923704114983762
6100 0.03678240897695759
6150 0.032912279563687384
6200 0.03538315242865063
6250 0.03098730940431127
6300 0.03321324412056374
6350 0.02938372056879083
6400 0.03469040685516401
6450 0.03677201683858918
6500 0.02951980494939266
6550 0.02957587589218274
6600 0.03130386040241779
6650 0.031459956132107676
6700 0.032072920475171705
6750 0.03410984311119195
6800 0.030895771738878267
6850 0.031236111616421952
6900 0.031094320763804844
6950 0.030931693615795754
7000 0.04112355026033615
7050 0.03642414621902068
7100 0.03376030962418685
7150 0.04478915848232756
7200 0.06384371931659762
7250 0.05727550192810057
7300 0.0561162259973919
7350 0.036427282078622565
7400 0.028161307869541626
7450 0.03166833010673776
7500 0.03124339863747285
7550 0.030285649425958294
7600 0.03640616470066771
7650 0.03018737075868682
7700 0.029429731708619615
7750 0.026851354930881848
7800 0.02859479612461189
7850 0.028089584434466883
7900 0.026811264121923094
7950 0.027490383922606377
8000 0.030150059341011306
8050 0.0317034456122771
8100 0.03524739575605308
8150 0.03537020157240421
8200 0.025713020243264828
8250 0.05566115885919122
8300 0.044869157575515836
8350 0.030456949699874527
8400 0.02626695886859486
8450 0.029357467575240014
8500 0.028217133814407536
8550 0.035837715679619984
8600 0.03309642340768033
8650 0.038556305985054086
8700 0.04929801354869388
8750 0.02540581039694939
8800 0.0282607681135104
8850 0.026689979694493816
8900 0.02772854304030537
8950 0.033539980013500933
9000 0.0388253846829441
9050 0.02395619343744858
9100 0.033850414175957654
9150 0.03865052486818311
9200 0.0269868775456382
9250 0.024187528282146334
9300 0.02922340397163144
9350 0.025003977955973894
9400 0.024280997770804735
9450 0.03394720773970457
9500 0.05992813219098027
9550 0.03622435967897293
9600 0.024371352374732116
9650 0.025860277361329325
9700 0.030967347671486355
9750 0.02663695994957153
9800 0.03997414967687904
9850 0.03256217818215514
9900 0.0403382185484063
9950 0.024454704319523343
10000 0.04277948784901776
10050 0.031551550382838224
10100 0.03387497864591965
10150 0.02835330778291175
10200 0.03613379761772856
10250 0.028500468360273958
10300 0.028932520799752268
10350 0.023410884683947426
10400 0.023555448145616074
10450 0.024771873942390204
10500 0.022403400975901783
10550 0.023796134408867933
10600 0.030781909698298283
10650 0.03325939558000013
10700 0.02319225692440537
10750 0.02543262465109218
10800 0.028517353213958076
10850 0.022659972690330033
10900 0.02302451094083244
10950 0.026055230087752616
11000 0.023206219689714223
11050 0.023200010919351314
11100 0.039301804420119775
11150 0.026898949865482004
11200 0.02137153145534272
11250 0.021975270846477723
11300 0.036508675508454685
11350 0.021693209805728177
11400 0.03545557102939715
11450 0.025558789388607964
11500 0.02345550854122558
11550 0.021449061632568
11600 0.02165017354358265
11650 0.024815021386831074
11700 0.031469684835982135
11750 0.02120621680808127
11800 0.02271191786447224
11850 0.021719831262000677
11900 0.04086785463966878
11950 0.04821461917722941
12000 0.02284334193982672
12050 0.026824795147267662
12100 0.020978241089042306
12150 0.035859347183127895
12200 0.025631905265240347
12250 0.031537127907025835
12300 0.03247658281580332
12350 0.02708513939810523
12400 0.03321782503339141
12450 0.024400937429843464
12500 0.02339420351356683
12550 0.025236704476414188
12600 0.029491685722686806
12650 0.02173511573977797
12700 0.024545800339962807
12750 0.022979673939290353
12800 0.026431739096091714
12850 0.03239950781512193
12900 0.021243769032071442
12950 0.024900225558821116
13000 0.021061141777016703
13050 0.02038963705004289
13100 0.04018961107142618
13150 0.03552573887418574
13200 0.024595907145895674
13250 0.02071067248419514
13300 0.02249392895246547
13350 0.02312434297732037
13400 0.024568910345740685
13450 0.02301871710990477
13500 0.027412586186915614
13550 0.020095768699531974
13600 0.02686874425113787
13650 0.019055650722083997
13700 0.023120987377167845
13750 0.05383109331035651
13800 0.01947526771090496
13850 0.024269221437962608
13900 0.021203702925926007
13950 0.025166537150786317
14000 0.018860158005000825
14050 0.018153089365850958
14100 0.05382927780462459
14150 0.02192896927735728
14200 0.030437013691708655
14250 0.018958698857831042
14300 0.019028360761800537
14350 0.03651663682054065
14400 0.022331938322446645
14450 0.02531814953157173
14500 0.03497160907385814
14550 0.0192598636789689
14600 0.022694593512631873
14650 0.029355111143620338
14700 0.021468561261122083
14750 0.03207389862073781
14800 0.03311403452734387
14850 0.027637974539298178
14900 0.028591582642002254
14950 0.022581228032616
15000 0.0243694262849776
15050 0.02377879037908683
15100 0.03423809355791442
15150 0.033005134331058186
15200 0.022361166258560005
15250 0.018560680625435724
15300 0.019658471798529437
15350 0.018314759794549114
15400 0.019521936616708417
15450 0.018641694145615315
15500 0.021103093254958415
15550 0.01646000316573112
15600 0.016816972386345466
15650 0.025147246537125408
15700 0.01777047487180185
15750 0.016994579652836055
15800 0.019901982686083942
15850 0.017117251611239823
15900 0.021372273717045625
15950 0.024253022719515092
16000 0.02002371874294458
16050 0.026388253776097083
16100 0.022285769517688417
16150 0.02906496997330241
16200 0.020782527837991494
16250 0.01816388725410189
16300 0.017963029626322704
16350 0.019564925642640257
16400 0.023622120472042284
16450 0.02066815737162414
16500 0.017330321164400322
16550 0.01929374810824931
16600 0.02537399806643973
16650 0.018961907136048495
16700 0.020793014375246714
16750 0.026703132326526477
16800 0.017397101867852
16850 0.019785404902856355
16900 0.018724312970353933
16950 0.017131832949871865
17000 0.01743436745754978
17050 0.02317577835821876
17100 0.020911778943775564
17150 0.027821548971365035
17200 0.019212204976331866
17250 0.019153291729463912
17300 0.026684837032398444
17350 0.01627072529882992
17400 0.020031430440830666
17450 0.018116751904583082
17500 0.02545402747424235
17550 0.01875976501841446
17600 0.01816941311281021
17650 0.017086917260874964
17700 0.015828686801482715
17750 0.020006538121695262
17800 0.018954846661609386
17850 0.01835605776163642
17900 0.03099379975097442
17950 0.018350061270346864
18000 0.017762902147319074
18050 0.017748898103369236
18100 0.023883532697221536
18150 0.017825973823776663
18200 0.017451071407880592
18250 0.01635567891612898
18300 0.017479337982956863
18350 0.01990549075113645
18400 0.01814862891822094
18450 0.016761155939475445
18500 0.01904696479045821
18550 0.017046049852156762
18600 0.028332483861512853
18650 0.016820693429356756
18700 0.024584221519800463
18750 0.020364483951590046
18800 0.023177687491297685
18850 0.017071176065375077
18900 0.017320048059485397
18950 0.01687684830047731
19000 0.02278533367499097
19050 0.017499804370653422
19100 0.030222860035543683
19150 0.025351311693550038
19200 0.017260783187116862
19250 0.01612695863860105
19300 0.024546599736346535
19350 0.016936668086061084
19400 0.018577767997645513
19450 0.018604764359969304
19500 0.016306767889475677
19550 0.02437760216353443
19600 0.02458663769914391
19650 0.021059374166250568
19700 0.02752006025294377
19750 0.017206337549894986
19800 0.020915922822244578
19850 0.01617707302482046
19900 0.020125367418557756
19950 0.017786557556102662
20000 0.020090625455244208
20050 0.02090208025600044
20100 0.027881720805998225
20150 0.022773386533104577
20200 0.01650235850620638
20250 0.01564755189649832
20300 0.019133473966841584
20350 0.015109092345220015
20400 0.020681739090621612
20450 0.015332439730117688
20500 0.01837765851534538
20550 0.01944095515401578
20600 0.014964722128611605
20650 0.02891096904669867
20700 0.015881363563396086
20750 0.0206154038441028
20800 0.017489616393537473
20850 0.014061092324701945
20900 0.018899154653895543
20950 0.014352397729478503
21000 0.018060042100782776
21050 0.01609451518826345
21100 0.016084332709259422
21150 0.016993534355448432
21200 0.02480241559109262
21250 0.020896694444238736
21300 0.015998256150235497
21350 0.01823517843346134
21400 0.01516940410601961
21450 0.015230235287274617
21500 0.0185682197603533
21550 0.017984859228250296
21600 0.032513455830474
21650 0.01866437224606696
21700 0.019705820096298305
21750 0.0173501677593315
21800 0.020303261333210136
21850 0.015169970249112
21900 0.013765707468373614
21950 0.01738345710329036
22000 0.023392522852618062
22050 0.015053483563940425
22100 0.023883368968838813
22150 0.016504132786514747
22200 0.025480200417619604
22250 0.014639272077410295
22300 0.017711194787585142
22350 0.015675209325016242
22400 0.01435623408331822
22450 0.01757353456167184
22500 0.021540903833290586
22550 0.02095695984665139
22600 0.014550734627766168
22650 0.014768498527214695
22700 0.013913744870177611
22750 0.013940626374206799
22800 0.021610288411134566
22850 0.01688296979246076
22900 0.015822185238854147
22950 0.024186501617233454
23000 0.014552150008566711
23050 0.016554944962129912
23100 0.014740429818757807
23150 0.013556594022510284
23200 0.019355234626699257
23250 0.01970474981559689
23300 0.014957186936381994
23350 0.014225546526414145
23400 0.016345926570913855
23450 0.014011291424598827
23500 0.019923487742251205
23550 0.015189099865900387
23600 0.013850174861637806
23650 0.013481136773685117
23700 0.01409405120281201
23750 0.014429736456290115
23800 0.01955442786435932
23850 0.013485668674759954
23900 0.028203341685182022
23950 0.01362386569919055
24000 0.013706665663575148
24050 0.013084754096592703
24100 0.01706677422668224
24150 0.018298868702303805
24200 0.020898177425452153
24250 0.02618627609746554
24300 0.015178139404684394
24350 0.018903199626212126
24400 0.017870691384024164
24450 0.014865106770646591
24500 0.015127411821523282
24550 0.02197274316896517
24600 0.015081638715537728
24650 0.014015876574763306
24700 0.016880272527652212
24750 0.01312963473739866
24800 0.01350239545982828
24850 0.014233602124100657
24900 0.0193073137953383
24950 0.013262807774025352
25000 0.013946611841994553
25050 0.01362199077402138
25100 0.013436129401124123
25150 0.012727958098941443
25200 0.013235295333065588
25250 0.013231831914725023
25300 0.013086278298046995
25350 0.013381585539850416
25400 0.01572874052452516
25450 0.014323681213073737
25500 0.012470046606434295
25550 0.013362769796438523
25600 0.022815729974753656
25650 0.013897564624447595
25700 0.012634699574625865
25750 0.013519716640105078
25800 0.015457766337878197
25850 0.013634991963874915
25900 0.022536580520833387
25950 0.027101601398411484
26000 0.017188154476301787
26050 0.013374484262356106
26100 0.016132994114055443
26150 0.015655166129265256
26200 0.012791493630595015
26250 0.013048973190935285
26300 0.014293967103275327
26350 0.01673444243639737
26400 0.021938783440545725
26450 0.01436367523322693
26500 0.012798484441944025
26550 0.01323032311928975
26600 0.01375678387724826
26650 0.01691404378036055
26700 0.013037653897636774
26750 0.014207846064206444
26800 0.02184655827069635
26850 0.012459327428882472
26900 0.0126978963843852
26950 0.015375367710598987
27000 0.012989451318880704
27050 0.0180729302942472
27100 0.01682440892592681
27150 0.012482324053381386
27200 0.01826922347071579
27250 0.014153059302235038
27300 0.012923917445163071
27350 0.016300691373366146
27400 0.013791357513601447
27450 0.01700065059459269
27500 0.012787141340385812
27550 0.012666789503785606
27600 0.012848567886176856
27650 0.016177149412701715
27700 0.013279607568565804
27750 0.015546361493013956
27800 0.01768428550398844
27850 0.013906179709256441
27900 0.012399737837327774
27950 0.012131884473564815
28000 0.017747356900169618
28050 0.012293845802371606
28100 0.013607317863208072
28150 0.03473554176924008
28200 0.020301903922989046
28250 0.019258939319782665
28300 0.01825261803025753
28350 0.01831151944924119
28400 0.022202849813153944
28450 0.016290610843302484
28500 0.021376910290026304
28550 0.01520341005157404
28600 0.011642873178627154
28650 0.012127515283884966
28700 0.02938686071417713
28750 0.022526564765980722
28800 0.022699484798064606
28850 0.013576396700081381
28900 0.011621397106143029
28950 0.014262035737519252
29000 0.013589528321817996
29050 0.012905703448668452
29100 0.012718000752288749
29150 0.016593864918622237
29200 0.012519095768450146
29250 0.01730817049214643
29300 0.01333368807666203
29350 0.02126678698910523
29400 0.01373742537261406
29450 0.013970354903498725
29500 0.015437715579307263
29550 0.016611761272259093
29600 0.02363637314913672
29650 0.01293590185638069
29700 0.011845005413874087
29750 0.01706184171878122
29800 0.012589924384851863
29850 0.01205392980736701
29900 0.027786895018655857
29950 0.014593562208122357
30000 0.013337615100009876
30050 0.011537409492868444
30100 0.01671847247597038
30150 0.013062350209504843
30200 0.016336052954577397
30250 0.012776748109261315
30300 0.015582949488767555
30350 0.01266465287022249
30400 0.012249928582875245
30450 0.01449851005427122
30500 0.012518106690836256
30550 0.013821317483975755
30600 0.01566689366849137
30650 0.01196286869906125
30700 0.011692880743668452
30750 0.012635479051419516
30800 0.011961677666793463
30850 0.012169589953771626
30900 0.014253191337955079
30950 0.012986963867538084
31000 0.013426743952851103
31050 0.014922091666765903
31100 0.016529179233535862
31150 0.018397181872197448
31200 0.012901648825477119
31250 0.013528377003137228
31300 0.012041779769947435
31350 0.01341413343806303
31400 0.013705883348826204
31450 0.014953153391353523
31500 0.012411594488759881
31550 0.014175545696945605
31600 0.011824966463887556
31650 0.012417344976453323
31700 0.016203725160105185
31750 0.012405223527070545
31800 0.012680821557972392
31850 0.012401854615827016
31900 0.014158342530121833
31950 0.013280193049941472
32000 0.022466616846727544
32050 0.026898840453470484
32100 0.020126920721496362
32150 0.015779999110862867
32200 0.014367173537989612
32250 0.013068007361562037
32300 0.013478385629459059
32350 0.013523919040294347
32400 0.013237393957667452
32450 0.014314433847867281
32500 0.021196320909038675
32550 0.019119945830570258
32600 0.012226350234930513
32650 0.012495245968005277
32700 0.012932598709748892
32750 0.016553774061149325
32800 0.0139994478115193
32850 0.015146782096021907
32900 0.011740448026331883
32950 0.014507808758559941
33000 0.017936008738870253
33050 0.012111774334455315
33100 0.012634800776103815
33150 0.012277947475501705
33200 0.011945978666545055
33250 0.011869587873276449
33300 0.01320723599713647
33350 0.013259113386877736
33400 0.01203060338598717
33450 0.011786448735676665
33500 0.013233640797946712
33550 0.01984365323123661
33600 0.013831830347775236
33650 0.011644933705447934
33700 0.012974826086075761
33750 0.015425229595354046
33800 0.017741378904880874
33850 0.019354753908853578
33900 0.011927507549796804
33950 0.011626772761347225
34000 0.016695492128973546
34050 0.01295097638592018
34100 0.011519273534280524
34150 0.015422270934764424
34200 0.012115003047211675
34250 0.01088285757064783
34300 0.011843410305686333
34350 0.011748443795436197
34400 0.012819071114664852
34450 0.0117323801051865
34500 0.017917233185180105
34550 0.03249129511042113
34600 0.019684424561773793
34650 0.011879605249710991
34700 0.014488204786774036
34750 0.011420613358454202
34800 0.010999268188346255
34850 0.011146600319568567
34900 0.014201716740553576
34950 0.0116693012277774
35000 0.011201720935004591
35050 0.011125994576269659
35100 0.011098583465287212
35150 0.011165752579450527
35200 0.011010044875227755
35250 0.012277067620149813
35300 0.010988240711899643
35350 0.011091302659400764
35400 0.011896617063323903
35450 0.012192894258880217
35500 0.013084007347057506
35550 0.010824123754183868
35600 0.013864985294913701
35650 0.01146949244108697
35700 0.013975640217571899
35750 0.010560634688139215
35800 0.010902057400969408
35850 0.01150063954654444
35900 0.010948588781378986
35950 0.01697777636389033
36000 0.019487137926748443
36050 0.019525594155952026
36100 0.019498634819243722
36150 0.012377499833277272
36200 0.010753491003232751
36250 0.01072847598987454
36300 0.010737880983208985
36350 0.011427482834940904
36400 0.01207190596078216
36450 0.01195448274125749
36500 0.010911213106989812
36550 0.0108024822600191
36600 0.011556629319933278
36650 0.01577403196672722
36700 0.013575526200931476
36750 0.01083372275559551
36800 0.012772089817431182
36850 0.010938580039491403
36900 0.012506296536544623
36950 0.01673393301776585
37000 0.014493131482482009
37050 0.012237300737554423
37100 0.01215703763284276
37150 0.012159228431865138
37200 0.011891833006933231
37250 0.011060244066530375
37300 0.01131254003609355
37350 0.011182099199274096
37400 0.010950017268845558
37450 0.01725071903449175
37500 0.011595567353398551
37550 0.014484046050389563
37600 0.011940799356584592
37650 0.01162000861360734
37700 0.011750667421278893
37750 0.01175620206726606
37800 0.01149367295642339
37850 0.011969873041798572
37900 0.010928630994906161
37950 0.011704288057728858
38000 0.013153558532313266
38050 0.01104284234625053
38100 0.010749376565835998
38150 0.014673297691628751
38200 0.010183816083967593
38250 0.011467346098452076
38300 0.012663868866096183
38350 0.012228616977027092
38400 0.01499403951150623
38450 0.011631346446959002
38500 0.012417925892421366
38550 0.010849319488763168
38600 0.010790879228429749
38650 0.01085238987112497
38700 0.013063746113266843
38750 0.011233637448134139
38800 0.016729158809123467
38850 0.013664549337966783
38900 0.013206834636614855
38950 0.011155499666400299
39000 0.012383348597602331
39050 0.010918088925140488
39100 0.013224780572484083
39150 0.011214661856543242
39200 0.010894349182929511
39250 0.014462506560350006
39300 0.016367296956547813
39350 0.021920330179938743
39400 0.011456603088643894
39450 0.010184996980694567
39500 0.01061293275601963
39550 0.009825584187539394
39600 0.010890620015242557
39650 0.011687735414218331
39700 0.011727535013338999
39750 0.012503593965895003
39800 0.010764150732746891
39850 0.010782718919019083
39900 0.012033349664717499
39950 0.012534680204269658
40000 0.012413300867699
40050 0.011214364762232568
40100 0.010741329659080867
40150 0.010814895929684959
40200 0.011021916093702292
40250 0.010651123213775494
40300 0.01099249981952652
40350 0.011633370160482156
40400 0.012678338648622575
40450 0.013048639198324538
40500 0.012848004081496564
40550 0.012559758755489394
40600 0.01071047492468968
40650 0.01137301676463742
40700 0.01092944283082927
40750 0.01130141511623059
40800 0.0123512879170266
40850 0.013042463775171311
40900 0.015299260513899977
40950 0.01286761579456459
41000 0.01229074165764401
41050 0.013077010140130765
41100 0.010410052387986429
41150 0.011611255625565371
41200 0.011099551597105961
41250 0.010770827642417857
41300 0.01082163020659316
41350 0.012236402588385238
41400 0.011156452230167408
41450 0.01101266074115529
41500 0.011484254724696217
41550 0.010727511400545755
41600 0.012102511241785213
41650 0.010866984148642202
41700 0.012480790638651653
41750 0.016986772280027797
41800 0.017427917871351117
41850 0.015150058200623397
41900 0.014509058282838844
41950 0.014283330879948564
42000 0.013085276723552761
42050 0.010799803158138818
42100 0.010822467929564475
42150 0.011666443164862003
42200 0.01238822401370285
42250 0.012017886924057421
42300 0.014959893032446709
42350 0.012821883847607886
42400 0.012998119642791649
42450 0.015321800743398716
42500 0.013483673893500496
42550 0.010266520234574283
42600 0.011108191535239866
42650 0.01088638919497762
42700 0.01094000722156991
42750 0.010984227019011077
42800 0.01106149521835779
42850 0.010858575545505504
42900 0.010736062919331808
42950 0.011719843143132557
43000 0.010881795252335917
43050 0.011393451990293069
43100 0.011238135509893044
43150 0.012523778019987122
43200 0.013345507628975795
43250 0.013478619909942622
43300 0.012391719173821718
43350 0.01148115955514665
43400 0.01213431074849256
43450 0.011937562686091894
43500 0.013789347356982274
43550 0.01224504442554399
43600 0.010377460905847359
43650 0.012310370049243749
43700 0.01247718646728123
43750 0.010517970753877965
43800 0.009971183023690763
43850 0.010226520588811969
43900 0.010356863931031086
43950 0.010042431800575706
44000 0.010842813423328186
44050 0.010524707265837086
44100 0.01103582743310837
44150 0.010049413613354534
44200 0.010026395454693707
44250 0.01003881433876642
44300 0.013671149700895545
44350 0.010912101938455956
44400 0.010969004325146362
44450 0.009710808667985401
44500 0.010783821148628152
44550 0.009828564758233623
44600 0.010268463249956257
44650 0.010445701196884288
44700 0.011298814653014777
44750 0.01044438165760547
44800 0.010263074258450683
44850 0.010583431534794314
44900 0.00971504363573898
44950 0.010235916031030051
45000 0.010782299744539621
45050 0.01078304620423519
45100 0.010381082741887595
45150 0.010318339793945681
45200 0.009918941015561759
45250 0.009802637824653309
45300 0.010151550430105101
45350 0.011256740653570355
45400 0.01005995802671908
45450 0.010481632738078202
45500 0.010430872554956885
45550 0.009965871304233907
45600 0.009826141932773268
45650 0.010006863885819894
45700 0.009744550994455108
45750 0.01040377975304406
45800 0.010509876463187448
45850 0.011063068671039275
45900 0.010213767110899457
45950 0.009959687319195342
46000 0.009768136973929554
46050 0.01004644731602121
46100 0.010597242065456
46150 0.01022688866524062
46200 0.010103206804649548
46250 0.01009458610890768
46300 0.009639228232395375
46350 0.010566812750701015
46400 0.010402869360210395
46450 0.010050774294584723
46500 0.011250063113533383
46550 0.011012623578632419
46600 0.01110357252320305
46650 0.010555689860813938
46700 0.010259124439383819
46750 0.010765792946796875
46800 0.010467585531522165
46850 0.010415525693789084
46900 0.010078210432720228
46950 0.010708080121274086
47000 0.011626364998667829
47050 0.013365937565513353
47100 0.012286698194757561
47150 0.0137679767774782
47200 0.013585471887949242
47250 0.013374146023044538
47300 0.012296021282648154
47350 0.010934210018100268
47400 0.012027562641768541
47450 0.012589792183709097
47500 0.012585935512784753
47550 0.011547415953945938
47600 0.011336366640829947
47650 0.012568916875880173
47700 0.011947007159846371
47750 0.011579080220393147
47800 0.010772973026248148
47850 0.009868154368918861
47900 0.010375794148217102
47950 0.010084034919355002
48000 0.010167513082707939
48050 0.010174639825088016
48100 0.010146584057783436
48150 0.010065395340351514
48200 0.009945025588199806
48250 0.010479892132857133
48300 0.010255981631687809
48350 0.010195516348962838
48400 0.01005818792368996
48450 0.010409402070670648
48500 0.010122901029400623
48550 0.010468685905946047
48600 0.010064395277732702
48650 0.010414151584343787
48700 0.010229905731925865
48750 0.010466808889195758
48800 0.010173143392328804
48850 0.010512208811006011
48900 0.010268257105185894
48950 0.01061572402609832
49000 0.010831916299605488
49050 0.011167454408429606
49100 0.013676506497023724
49150 0.013498325277055148
49200 0.012801356590046664
49250 0.01236394986237969
49300 0.011626948465582975
49350 0.010613875056708109
49400 0.011125841788431992
49450 0.009958004586651775
49500 0.011194506490487848
49550 0.01182040002375753
49600 0.01084282747934425
49650 0.010420428714147407
49700 0.01089083996084553
49750 0.010076592280208956
49800 0.011170699157494846
49850 0.010803597919801233
49900 0.01046987791604105
49950 0.010080607319612985
50000 0.010193333127444946
