50 0.99845602064326
100 1.006754056473391
150 1.0060402431426096
200 1.0047261639824263
250 1.0032257211018982
300 1.0017994660331335
350 1.0002310102089147
400 0.9991708668438091
450 0.9980679478900494
500 0.9971883844993886
550 0.9963325220500228
600 0.9956440844072393
650 0.9949725127579059
700 0.9944747717241746
750 0.9936596349897131
800 0.9922028897345443
850 0.9902510566955297
900 0.9846998617502196
950 0.9702797531673811
1000 0.9310888490614534
1050 0.8730625406110442
1100 0.7554354138892325
1150 0.6512519675425671
1200 0.5400311350284073
1250 0.40792601528044314
1300 0.3351204362022473
1350 0.46374800775978736
1400 0.35171635898159315
1450 0.15577363807346806
1500 0.10503384987004162
1550 0.066135543668018
1600 0.11715203078189437
1650 0.09927591481078722
1700 0.053862174994396536
1750 0.049749816537804505
1800 0.06006996923087388
1850 0.05774588848135728
1900 0.11188831005837727
1950 0.060374135143191565
2000 0.05011165832232607
2050 0.058103313862057464
2100 0.061717854053655215
2150 0.05789187180735679
2200 0.0845949464826255
2250 0.065368520193767
2300 0.07022655212934152
2350 0.13659379366307264
2400 0.051402023841105454
2450 0.04041110032319537
2500 0.059572034063849776
2550 0.043725257201069026
2600 0.048306173773108044
2650 0.05442402982433831
2700 0.07080737068379991
2750 0.07414117878468326
2800 0.04495205278029161
2850 0.06051566958283331
2900 0.03900332649024719
2950 0.17853023077536911
3000 0.04098477174179848
3050 0.04260931707200025
3100 0.043124093595567396
3150 0.09738813122513117
3200 0.053607317212212256
3250 0.039315657664415055
3300 0.03810513021659767
3350 0.03908296147701319
3400 0.045631153437227144
3450 0.1347716255186867
3500 0.0442351628216047
3550 0.04473594799341797
3600 0.05189241120790405
3650 0.03863570223802377
3700 0.08713518106616845
3750 0.03775169589312342
3800 0.14366511133383528
3850 0.03651221401926438
3900 0.06796918312979744
3950 0.0372121895075212
4000 0.11593918189388908
4050 0.04060502671463202
4100 0.03495530940384091
4150 0.048883516593903255
4200 0.07038111013195646
4250 0.03759990597626576
4300 0.036200112906863154
4350 0.05619080109787364
4400 0.30036320499841956
4450 0.06523087297751981
4500 0.03728557048756269
4550 0.03571574032404172
4600 0.043984226943487165
4650 0.0453812408667578
4700 0.07259137354131644
4750 0.039021635728877097
4800 0.14004066396764586
4850 0.05552572212842228
4900 0.04410687680744031
4950 0.05615249580181834
5000 0.37820835125122226
5050 0.17677896205103605
5100 0.047092259416739723
5150 0.03762358178681789
5200 0.03809276748264504
5250 0.03722072082222032
5300 0.042017978675826635
5350 0.04331075612138054
5400 0.03492035051735505
5450 0.035263511344241175
5500 0.03671998694313209
5550 0.036669873984991185
5600 0.03738974506705232
5650 0.038088211759407437
5700 0.03646991061143235
5750 0.03675662984552271
5800 0.03954256308712303
5850 0.03804402889010834
5900 0.035116354895513346
5950 0.03821085738911773
6000 0.037808372986594584
6050 0.034691049491545535
6100 0.03208545727053924
6150 0.034106050557370766
6200 0.03262569739049451
6250 0.03716822284837193
6300 0.03262291423062456
6350 0.030259818514819813
6400 0.08883639100802738
6450 0.043462900883628246
6500 0.041660395412683696
6550 0.034675860091944316
6600 0.03248972161905728
6650 0.034297167540076466
6700 0.03649675536458446
6750 0.03235474675052034
6800 0.04566012859499332
6850 0.03664164556902322
6900 0.03130911692472477
6950 0.035259062952383693
7000 0.0335522462550882
7050 0.03478610674465817
7100 0.03435447648007346
7150 0.03209160376766904
7200 0.03496191811725
7250 0.03520895912715139
7300 0.05240104988029998
7350 0.034850316298193094
7400 0.03328769004813269
7450 0.0323972931011561
7500 0.03166411517807712
7550 0.034521911991705165
7600 0.032100700505131134
7650 0.031443527219502845
7700 0.03294816462623706
7750 0.043251557056662705
7800 0.043753995607214435
7850 0.05905838736356932
7900 0.036912984903902414
7950 0.03239478600666844
8000 0.08372827560563313
8050 0.032312735914456936
8100 0.031210913626934983
8150 0.03470363118625141
8200 0.032058108310201096
8250 0.03337213328644932
8300 0.03356485305818768
8350 0.030844866400873378
8400 0.05001895864664878
8450 0.03266221912754318
8500 0.036031425915823076
8550 0.062060570565510786
8600 0.05924708937836913
8650 0.04017255478099466
8700 0.03195243312540707
8750 0.03162516437293342
8800 0.03235613738500925
8850 0.03996188065612664
8900 0.044122776925762
8950 0.033243734014990804
9000 0.030422260759378726
9050 0.031514187425188044
9100 0.08928802951308344
9150 0.048551645166293546
9200 0.041973632824427315
9250 0.03230756539886086
9300 0.05554591651725541
9350 0.03295113218881287
9400 0.03602267409763278
9450 0.029811044582218366
9500 0.038187977370953065
9550 0.050377598923169536
9600 0.038671471185219276
9650 0.03080475728150864
9700 0.030122371676392343
9750 0.03220953667791028
9800 0.03894906701686956
9850 0.05245840955863467
9900 0.029552682555170823
9950 0.03148989528009851
10000 0.034482802308296916
10050 0.029918517920286842
10100 0.030071178164300175
10150 0.028382361787273037
10200 0.03008292104726015
10250 0.03134264121134729
10300 0.03284584199113918
10350 0.028350536408313188
10400 0.03250867297278124
10450 0.03917073929512212
10500 0.029889086656875948
10550 0.031583520024274954
10600 0.029587062665684158
10650 0.034490734392260865
10700 0.029174495682827113
10750 0.028917552752421777
10800 0.04599874803727186
10850 0.02732652607940129
10900 0.05278861636294651
10950 0.028806111331765662
11000 0.03329966469951909
11050 0.042552226099204594
11100 0.02690106998492359
11150 0.028466136318232547
11200 0.029716977767983994
11250 0.028902013817460433
11300 0.03302336502919996
11350 0.03931522880060468
11400 0.026732285784485773
11450 0.02623897239169963
11500 0.02640655976724273
11550 0.034363495292559006
11600 0.02771980833533434
11650 0.026505157220799918
11700 0.02515403908033426
11750 0.02547748283919825
11800 0.028532475816668273
11850 0.027393196765481652
11900 0.02820424485213986
11950 0.03958907640914915
12000 0.041559460469706405
12050 0.029420934219958103
12100 0.02694107489087418
12150 0.024692307417081873
12200 0.0254596720655478
12250 0.027250732525822725
12300 0.025373893794385847
12350 0.039791989456940555
12400 0.025762691423833337
12450 0.02411984339707276
12500 0.027575087430404596
12550 0.024628728808313547
12600 0.04595521501604353
12650 0.03807317030685457
12700 0.024220538370170186
12750 0.024153564814179046
12800 0.02357811971450503
12850 0.02957316814858942
12900 0.02366893900522951
12950 0.02849958519097371
13000 0.024156691788270457
13050 0.025380763575056274
13100 0.023189092269461004
13150 0.04043879815361645
13200 0.025048896737424154
13250 0.028592274896576213
13300 0.027539491476898787
13350 0.02884965420765855
13400 0.048828924517976276
13450 0.024467001960399668
13500 0.03163496058623352
13550 0.031227451079201607
13600 0.027270714402939787
13650 0.026359650217591724
13700 0.0328933235511568
13750 0.0356905736355371
13800 0.026303609700237183
13850 0.03817737005650454
13900 0.036346758670237275
13950 0.026878369044146724
14000 0.035629152023971794
14050 0.02613753710131484
14100 0.037803405096377925
14150 0.022849842144264203
14200 0.028478304553323352
14250 0.034692392519854294
14300 0.031886717983463785
14350 0.036846736329870816
14400 0.023935533602789348
14450 0.023636811942224813
14500 0.025155808494430755
14550 0.02417828258946445
14600 0.024625550483080873
14650 0.023759553352019583
14700 0.025753923788380102
14750 0.022529736850934366
14800 0.022253272353353493
14850 0.021635812758347393
14900 0.021850350846286847
14950 0.034260420237194555
15000 0.02348518911178808
15050 0.0308244353073118
15100 0.02080652800530988
15150 0.021009970805205
15200 0.027326899983773446
15250 0.02361379347112788
15300 0.02395973503013913
15350 0.02396744362492023
15400 0.022386133672629042
15450 0.02098812169197145
15500 0.025536156466770484
15550 0.019722684726346345
15600 0.029192719873422774
15650 0.022857858016258524
15700 0.0203143000582069
15750 0.023653379195039254
15800 0.023806570934197385
15850 0.02216420054186921
15900 0.034140274094318794
15950 0.025562588826392885
16000 0.029846521405350004
16050 0.020385612268447
16100 0.020024340067827228
16150 0.024134464686834663
16200 0.023610853184944866
16250 0.029124381817693067
16300 0.019821283532850398
16350 0.020273676149392465
16400 0.031730166605839175
16450 0.02006959246961103
16500 0.020541434122740655
16550 0.021489236042183214
16600 0.021940026068283974
16650 0.023230601256557248
16700 0.01965144468394751
16750 0.01902914186795995
16800 0.019442248731595467
16850 0.04604233146798904
16900 0.033447699489651234
16950 0.02339879212575817
17000 0.022618450786872173
17050 0.019169581091543715
17100 0.03272995158802845
17150 0.0223649137317083
17200 0.023435834388913845
17250 0.02813490532387147
17300 0.017944990379982737
17350 0.018991348509127953
17400 0.048896655251354525
17450 0.026079939384572426
17500 0.018110308815434156
17550 0.026152005602034567
17600 0.01730878009346524
17650 0.018247549988979987
17700 0.021511310389128166
17750 0.021072354858556564
17800 0.019080554384143997
17850 0.024420514017987657
17900 0.021170008416737315
17950 0.02022521452204021
18000 0.024364839230733796
18050 0.0194003292735659
18100 0.024458446211240582
18150 0.018068060795359785
18200 0.023811501789361367
18250 0.037024329437559074
18300 0.019995246636985535
18350 0.028753667237032078
18400 0.019996611305798963
18450 0.023556025596379815
18500 0.020760381922214983
18550 0.030830320238208954
18600 0.020488728837681127
18650 0.020855482981185194
18700 0.017961056504793904
18750 0.015736799025106035
18800 0.016995929413009342
18850 0.018609503722810217
18900 0.021321280879633538
18950 0.03425749753877177
19000 0.017187177711734877
19050 0.01690346024340508
19100 0.02180879258877566
19150 0.021405562548186416
19200 0.01611415995607031
19250 0.022373113302969216
19300 0.01788817841760459
19350 0.01548589488016375
19400 0.029974404571783252
19450 0.02243867012763369
19500 0.01994837387136553
19550 0.02051447664957274
19600 0.018965261488513817
19650 0.024675230871532592
19700 0.025062275415785026
19750 0.02083856963282151
19800 0.019139290737527865
19850 0.015561859254022738
19900 0.02942302178225901
19950 0.026324413798845727
20000 0.015649045837405427
20050 0.015384468801901427
20100 0.015294241760073423
20150 0.01549609155680543
20200 0.015809092782322468
20250 0.015793100271635933
20300 0.015303091038057364
20350 0.018745193044879243
20400 0.016649406372505806
20450 0.01538856797594104
20500 0.016574760125130133
20550 0.015771016446932903
20600 0.015003514622740678
20650 0.020826734456417056
20700 0.022376614347098835
20750 0.019760434491366705
20800 0.020057666905848145
20850 0.015080114964920408
20900 0.01577551664292171
20950 0.014598977247809489
21000 0.01658704270132041
21050 0.015086867333454313
21100 0.017428267268727718
21150 0.015122869220963113
21200 0.019196844100675438
21250 0.015588463206861074
21300 0.01587586302618146
21350 0.01483858821343534
21400 0.013407772211327032
21450 0.01860516252731648
21500 0.01488945192630787
21550 0.01774952066959048
21600 0.013690430793375698
21650 0.018781857229525425
21700 0.02695329634814879
21750 0.03271473535825951
21800 0.020909559080817305
21850 0.013864911322678199
21900 0.014232030264098637
21950 0.01459960707463051
22000 0.019263702725793645
22050 0.022799211606835717
22100 0.020029657916925243
22150 0.01367077249046241
22200 0.03491584357690775
22250 0.01944247807417354
22300 0.013139992128114772
22350 0.013322227330199518
22400 0.013806898114165718
22450 0.0174913819213293
22500 0.021626530102057465
22550 0.015141030148681595
22600 0.013786184413748286
22650 0.014616182786892272
22700 0.013576442248536146
22750 0.01862049793753647
22800 0.03172136612497449
22850 0.014250608058417507
22900 0.01451802668483826
22950 0.014521424959276524
23000 0.01297999485707957
23050 0.01483890387471731
23100 0.023465664616748615
23150 0.030275314029693506
23200 0.03232814225757321
23250 0.017519696928478663
23300 0.028940079356092104
23350 0.022869369969298153
23400 0.02355963224670983
23450 0.01704808866383826
23500 0.015348081185688504
23550 0.013429457546448215
23600 0.013321933996059293
23650 0.014638260114393776
23700 0.0160260068237518
23750 0.01666936122787279
23800 0.028526224674775596
23850 0.014714288648259024
23900 0.014444137293777982
23950 0.02116366264737503
24000 0.01476981233562359
24050 0.013550142182234656
24100 0.0163598606684286
24150 0.016040643870196096
24200 0.01261860145282119
24250 0.012686075937427705
24300 0.01787535879483701
24350 0.01894800868149751
24400 0.013181701310908412
24450 0.012370635343738667
24500 0.016925026169455563
24550 0.021697628238233457
24600 0.014654392726283784
24650 0.011228358951749173
24700 0.01424862179797557
24750 0.017259285129025685
24800 0.015118967656378263
24850 0.020340125463003355
24900 0.019468742989928775
24950 0.015619809688005786
25000 0.014859494487728985
25050 0.014602583301676948
25100 0.014415250743506415
25150 0.01857568539898058
25200 0.013742996280552486
25250 0.013200725473479297
25300 0.012009035803440244
25350 0.016319686272535414
25400 0.011386447215532305
25450 0.01657789654771153
25500 0.016082671198609774
25550 0.01678244847738637
25600 0.025553373427771878
25650 0.012560319858480357
25700 0.021825008108332208
25750 0.01899424358969404
25800 0.013175898909578248
25850 0.013742231415800115
25900 0.019718111974793954
25950 0.018703063616227172
26000 0.017793464958805613
26050 0.011159176809746018
26100 0.0114490734721382
26150 0.021875150068433578
26200 0.01180595404608327
26250 0.016127393587736544
26300 0.02256363890971012
26350 0.016409408957499996
26400 0.018557078279068516
26450 0.016985401821724106
26500 0.012138070390894987
26550 0.014723806123559068
26600 0.014250297463276164
26650 0.01342838284324943
26700 0.017296128864732974
26750 0.012677164418728295
26800 0.013930521939145735
26850 0.027185037943428435
26900 0.023962988546371137
26950 0.016618449494755227
27000 0.017528319572663657
27050 0.01560403425482855
27100 0.013871034635549681
27150 0.013097990978153387
27200 0.020336988325924073
27250 0.016870358960817632
27300 0.02456316609356069
27350 0.013778318227306914
27400 0.013816544651536034
27450 0.01626551524821244
27500 0.012973175047123487
27550 0.013037970023996478
27600 0.02077537660966548
27650 0.022889058252284183
27700 0.012959575205500805
27750 0.02368002020752745
27800 0.017912076279357106
27850 0.011177445315403892
27900 0.01383729856449358
27950 0.012379885759286434
28000 0.01120077347152642
28050 0.010124465641735213
28100 0.011147393720839014
28150 0.013676531390307467
28200 0.00994395175787651
28250 0.010009026925296741
28300 0.012276065683524122
28350 0.019018697740472438
28400 0.017559859772155045
28450 0.01710945444537946
28500 0.012480109069551408
28550 0.015070253717739207
28600 0.021219961373728904
28650 0.01570253442129294
28700 0.01581448332891469
28750 0.010711043804741235
28800 0.012900712536510062
28850 0.009638611031579465
28900 0.011600849934609248
28950 0.016698763567151262
29000 0.013516616220842149
29050 0.0098388594017677
29100 0.010038382862253118
29150 0.01893904846613957
29200 0.012255290745609718
29250 0.010830457055049604
29300 0.01019374715588783
29350 0.015880078844625268
29400 0.014067667743862155
29450 0.010612625357314547
29500 0.01594119375450136
29550 0.01741825391130561
29600 0.010524207742660737
29650 0.00997525171714728
29700 0.009529723146697996
29750 0.013913464832792845
29800 0.017061906590634012
29850 0.01882062354083473
29900 0.00965269319666172
29950 0.009662536366192812
30000 0.011839105498560135
30050 0.009766599718140633
30100 0.00994541825217371
30150 0.011896512908806074
30200 0.011396235097422613
30250 0.011126891483816594
30300 0.010106891969831612
30350 0.010360833012638704
30400 0.013228625867194727
30450 0.010088780288877846
30500 0.010844534539272624
30550 0.011774709627320218
30600 0.010597246259120606
30650 0.012342086551753253
30700 0.010225121817485375
30750 0.009738138772389136
30800 0.009886369309541655
30850 0.011427456398698571
30900 0.009866287282736683
30950 0.015520908702215595
31000 0.009848852695487104
31050 0.017010831087940652
31100 0.017796136146119742
31150 0.009694546256285939
31200 0.012371213377126069
31250 0.01143763842084706
31300 0.013694290499894703
31350 0.019236340924250337
31400 0.01079582723852896
31450 0.012631197647796319
31500 0.00996902312102186
31550 0.014728570865525412
31600 0.010111389403059641
31650 0.016104149747275226
31700 0.012748151949206057
31750 0.010367141868069708
31800 0.014050051246415512
31850 0.009939188160915659
31900 0.010958937739443368
31950 0.011913316972766201
32000 0.009682720287769578
32050 0.020100745566897688
32100 0.011350791975516684
32150 0.011016436605483959
32200 0.012160268786639488
32250 0.01430632384338819
32300 0.00954051506235605
32350 0.01097972564830358
32400 0.015532381951594518
32450 0.015990240971287126
32500 0.01567829888602343
32550 0.009110377108906916
32600 0.00907837192718821
32650 0.013398223572026349
32700 0.0160335879593744
32750 0.010103254244164209
32800 0.009022123874076478
32850 0.009433711622606212
32900 0.01041928034184199
32950 0.012791013661613171
33000 0.01555930885438671
33050 0.009584934238297909
33100 0.008816660635928652
33150 0.008895590219710297
33200 0.015750270478755386
33250 0.012575429311656292
33300 0.013305011013794645
33350 0.013989212884002147
33400 0.014825914579278844
33450 0.010038539167478907
33500 0.01039173812677318
33550 0.01071318422375442
33600 0.009136196690799063
33650 0.009654972644871137
33700 0.009485282461816368
33750 0.008485746037248488
33800 0.013258749559570394
33850 0.010440195175536883
33900 0.008976571225843166
33950 0.011726155394151293
34000 0.01598202171466919
34050 0.010846301052521854
34100 0.012115282990363328
34150 0.011290442473855815
34200 0.009188225646387592
34250 0.0097523018631057
34300 0.015567225643685643
34350 0.012807156542845822
34400 0.016259915409776775
34450 0.020689958288916295
34500 0.025008194824417455
34550 0.009599545898451481
34600 0.01262803796791934
34650 0.013163060932654982
34700 0.011002596548247283
34750 0.02066562054657866
34800 0.013112520651704939
34850 0.010183758518247765
34900 0.012518295148100399
34950 0.01911712383137529
35000 0.013408384750706418
35050 0.01094861619029043
35100 0.008829914705844278
35150 0.010719128468518009
35200 0.008961301281809976
35250 0.009615895396403626
35300 0.009446676218510523
35350 0.01017007841643727
35400 0.012700834562521888
35450 0.008700173726339662
35500 0.008897063326145432
35550 0.009511427366450182
35600 0.008852077331345508
35650 0.015046336234050616
35700 0.010855100851246842
35750 0.013968117744758908
35800 0.011035431436714706
35850 0.009708099644096345
35900 0.008998110738211232
35950 0.009107428917293726
36000 0.008749861950533016
36050 0.008755639263512593
36100 0.00865687225054944
36150 0.015138476976963114
36200 0.021110273734983233
36250 0.020098679538659125
36300 0.012876490842703267
36350 0.008333305200459936
36400 0.008716032113104658
36450 0.008959091284994341
36500 0.009582544128076565
36550 0.009633789928656341
36600 0.009052643031433836
36650 0.010014204274025001
36700 0.009860583620761294
36750 0.009606553428439935
36800 0.009269500039688282
36850 0.00881170102920938
36900 0.016369865434302272
36950 0.01305915980190292
37000 0.010023996653628695
37050 0.00872563459970557
37100 0.00912873552521945
37150 0.012392839295485118
37200 0.016677594204556986
37250 0.011412252396059893
37300 0.009112532947243826
37350 0.011309876542940071
37400 0.009386793666813763
37450 0.00887854022632001
37500 0.019604871804085586
37550 0.023299259436382478
37600 0.01971720672174776
37650 0.013598507763118006
37700 0.011322207001022393
37750 0.010005023691088102
37800 0.008700753131238756
37850 0.010620089503960442
37900 0.012471896935860493
37950 0.00864414471143243
38000 0.008758855762572222
38050 0.00966639507244427
38100 0.008436014406427059
38150 0.011040826894265573
38200 0.009343735631619846
38250 0.009763687545459527
38300 0.012371400099190206
38350 0.011390262533434661
38400 0.014352893736355201
38450 0.00918827302831085
38500 0.009746136137054984
38550 0.013172742180361647
38600 0.014658665618556175
38650 0.010249803462642901
38700 0.009212149885525468
38750 0.009990876704688872
38800 0.012734796529949166
38850 0.022105783503154643
38900 0.009160596671102061
38950 0.008945867879603553
39000 0.009543459123831028
39050 0.009733596804028471
39100 0.010051792296932965
39150 0.009684649501579897
39200 0.013779069276385641
39250 0.01679376820604396
39300 0.017934551733562384
39350 0.014402520749928635
39400 0.010598225575806957
39450 0.020210576514138132
39500 0.01135697545678089
39550 0.009025205241798742
39600 0.009267613649979408
39650 0.009727554381143259
39700 0.008104414567331594
39750 0.018633847542798124
39800 0.009029933877481964
39850 0.008992085841006237
39900 0.011494861420652536
39950 0.012750484156857077
40000 0.009149915937832036
40050 0.009813448702660042
40100 0.008479857694212035
40150 0.00883462739143356
40200 0.009035484892499904
40250 0.008389728380019428
40300 0.00890489824795038
40350 0.009289631874200378
40400 0.00917105004244489
40450 0.008627261176539022
40500 0.007908261499700893
40550 0.008267121792568647
40600 0.008016286293104935
40650 0.008367642189774161
40700 0.008529983412877164
40750 0.008157527212988286
40800 0.007752537515562743
40850 0.008067190426405893
40900 0.00932887707527148
40950 0.00878849072823401
41000 0.008087298525998729
41050 0.010449626142301417
41100 0.012984320763668018
41150 0.011252634540300472
41200 0.010407394580268797
41250 0.008068461025558471
41300 0.008149529545596
41350 0.008186234332433389
41400 0.00916231801557538
41450 0.009423401047419046
41500 0.008770711067328471
41550 0.008339221320713644
41600 0.009386884663979023
41650 0.009121677748811228
41700 0.009277671012842771
41750 0.00844021874221261
41800 0.008807452948718915
41850 0.009378421785033961
41900 0.00853057706814403
41950 0.008769834877552538
42000 0.010222267736116156
42050 0.01153147745648878
42100 0.010370999609044026
42150 0.009021540442442298
42200 0.007796325336146396
42250 0.008117578060414044
42300 0.008743852435063567
42350 0.008767945024006275
42400 0.008140603410356436
42450 0.008188034506854715
42500 0.008128326575807074
42550 0.007873939716659614
42600 0.007967874156936375
42650 0.008307220404965393
42700 0.008362018612057808
42750 0.0075432626691272165
42800 0.00851456358908006
42850 0.00960476995170705
42900 0.010734637916868415
42950 0.013944396180506574
43000 0.010314656464549082
43050 0.010528593743264049
43100 0.01202169465914692
43150 0.011756766060520561
43200 0.013316749410328578
43250 0.013921729008256578
43300 0.012539915305874807
43350 0.009224315572607165
43400 0.008637597776238798
43450 0.00844489499489588
43500 0.007992885646725916
43550 0.00781354172024879
43600 0.00813630633795524
43650 0.00820505097659104
43700 0.008286091984487707
43750 0.008400532316861595
43800 0.008785984851721414
43850 0.009110950950820578
43900 0.008624764328742212
43950 0.008820689335052489
44000 0.008148674539469086
44050 0.008544409133271053
44100 0.007558143560361515
44150 0.007677693530056647
44200 0.007990808268729813
44250 0.0077747804776868625
44300 0.007819002176662732
44350 0.008179232406817118
44400 0.008084712911260658
44450 0.007913495762077893
44500 0.007776949910845714
44550 0.008046075837499266
44600 0.007982629282441759
44650 0.009417494896117026
44700 0.007896641058890215
44750 0.007776519977868812
44800 0.008314077557503873
44850 0.008633638073276375
44900 0.007366047601419773
44950 0.00756123116142062
45000 0.007777605328169702
45050 0.008217410822538795
45100 0.008138392220182054
45150 0.007543408416778651
45200 0.007962689334159723
45250 0.009448966490234207
45300 0.010466672284714857
45350 0.01128749862949557
45400 0.012356050985692825
45450 0.010977171078829511
45500 0.010560167197565765
45550 0.01088589523649173
45600 0.014671255687258567
45650 0.013176954326933507
45700 0.011285159673765768
45750 0.009908726354084397
45800 0.008227931194766301
45850 0.007831784202077422
45900 0.007737973502594095
45950 0.007921828783969591
46000 0.007756678329980637
46050 0.007557585295650546
46100 0.007703462569899601
46150 0.007721971818783966
46200 0.009099090342233012
46250 0.008605220329739942
46300 0.009000566143086794
46350 0.008261698672779117
46400 0.007592612875043039
46450 0.00853279431920157
46500 0.008816003832015164
46550 0.007788826157671924
46600 0.007944304541512733
46650 0.009580233882208317
46700 0.009954068321172274
46750 0.0076245577415029984
46800 0.007586935919552091
46850 0.007628107216487512
46900 0.007551950890314767
46950 0.0075528019063405005
47000 0.008113215264410377
47050 0.007207749067566218
47100 0.007771972537192481
47150 0.007968295127571764
47200 0.008032884977491878
47250 0.008487681070636023
47300 0.008561426805184392
47350 0.008588176364872763
47400 0.008145451267897385
47450 0.007384110025623028
47500 0.0073962612419006596
47550 0.009023990950942898
47600 0.008522774784099142
47650 0.010412492109451983
47700 0.010520883776564328
47750 0.010384884533561343
47800 0.008551466663610707
47850 0.008583529683428518
47900 0.00898966193993847
47950 0.009042377639452679
48000 0.011594816124771387
48050 0.012608899612498807
48100 0.012164586180159828
48150 0.010862669183891147
48200 0.008530381104752262
48250 0.007980998602200513
48300 0.007867839014727368
48350 0.009256360449343439
48400 0.009574638524556372
48450 0.01198206123861414
48500 0.010064167994232391
48550 0.010018413527356468
48600 0.008700461151011607
48650 0.007544134195552691
48700 0.008029949803070882
48750 0.008174845599593365
48800 0.007857457217269466
48850 0.007776389327151004
48900 0.008082874939747266
48950 0.008006891025902298
49000 0.007955622129310481
49050 0.009038981666944706
49100 0.008473713529937124
49150 0.007734710802435557
49200 0.007856293081473405
49250 0.008064653109002333
49300 0.008097611634369851
49350 0.009495586892831155
49400 0.009089517674711008
49450 0.007476422129639828
49500 0.007530755389572565
49550 0.008120294542351946
49600 0.00782672311455284
49650 0.007794904629069204
49700 0.007759271420620999
49750 0.007876663214174393
49800 0.009433843517641443
49850 0.009601155357616164
49900 0.009148437888204767
49950 0.009302944342654197
50000 0.00826645602221171
