50 0.9894245437772882
100 0.9923970705116864
150 0.993069806173526
200 0.9925813093827495
250 0.99182003244693
300 0.9910972238713397
350 0.9897107617928679
400 0.9885189930111529
450 0.986872266441294
500 0.9848621689083429
550 0.982177127724579
600 0.978669105281677
650 0.9739140891868977
700 0.9675137390443965
750 0.9581611949475279
800 0.9445910119160358
850 0.9236922375090671
900 0.8909714135040291
950 0.8333371135740084
1000 0.7239504922746187
1050 0.5582980239333305
1100 0.4552095499327498
1150 0.2761757152946302
1200 0.2791948725111079
1250 0.2033767419588406
1300 0.16461565308596868
1350 0.17182866450567788
1400 0.13870671289278863
1450 0.11647018824243738
1500 0.1459828900899359
1550 0.10561660480126259
1600 0.09277980675827129
1650 0.11724053622980608
1700 0.09634585925121984
1750 0.1425412546542661
1800 0.15215072196940962
1850 0.10669658949655218
1900 0.08596691608378708
1950 0.1467633370584471
2000 0.16050658015508168
2050 0.10682495867654293
2100 0.07246258287198543
2150 0.0700944406658189
2200 0.07256454959608173
2250 0.07362074987841204
2300 0.06766871585081478
2350 0.1998398926127883
2400 0.12871564863658197
2450 0.08058267581321357
2500 0.06884906257090638
2550 0.06625499052905406
2600 0.05851457817080496
2650 0.059355382392728556
2700 0.05787460519483639
2750 0.06627758259277969
2800 0.183450970465893
2850 0.11702366751447295
2900 0.06838540100544589
2950 0.05648461160996316
3000 0.05899253045446478
3050 0.05514397442761717
3100 0.2864842480640335
3150 0.1691179220042426
3200 0.08119005909772498
3250 0.061751338595703795
3300 0.053522037862415384
3350 0.048467910068307724
3400 0.0495684906197211
3450 0.04733100832197258
3500 0.050945318994707244
3550 0.0800329348592984
3600 0.04994510884911719
3650 0.04459584049799675
3700 0.04357421646905869
3750 0.04229136879854555
3800 0.08586799052235923
3850 0.050072029508450286
3900 0.04192234205823834
3950 0.12007137972223828
4000 0.06412357141178657
4050 0.040569853888489764
4100 0.040142311978871685
4150 0.04617903646197355
4200 0.04296845312019357
4250 0.1160631996048116
4300 0.0464513556957398
4350 0.04024273911143969
4400 0.041776538987109424
4450 0.1413613162891463
4500 0.07616529989993712
4550 0.04510438955406803
4600 0.04799484809997939
4650 0.03889428202018127
4700 0.03922118066213837
4750 0.05515501931746974
4800 0.04409365867216021
4850 0.0452597669673639
4900 0.06024546053563746
4950 0.041635502803248056
5000 0.04335868578373639
5050 0.03628006949765453
5100 0.03670836743631764
5150 0.03576917095083366
5200 0.03720938829562771
5250 0.035978160749914716
5300 0.037174562238589594
5350 0.034959583706715626
5400 0.03747696689525795
5450 0.03321579542568749
5500 0.040200619106119134
5550 0.03590442449814331
5600 0.03686310734798783
5650 0.04227019871766477
5700 0.03536545722802773
5750 0.035748464614772435
5800 0.03254978423366827
5850 0.03300532166146679
5900 0.03247081733066732
5950 0.03278489749299202
6000 0.031431834545887306
6050 0.03173116431901994
6100 0.03332045754640867
6150 0.03390982157907995
6200 0.02952711315995813
6250 0.033022941585514
6300 0.03740116979256877
6350 0.03358314443429158
6400 0.07278609872327876
6450 0.04722286764973351
6500 0.03259629201310035
6550 0.03024437728708964
6600 0.030738014295851834
6650 0.030919047523311788
6700 0.030511724378313593
6750 0.03215029616662646
6800 0.03457316401282039
6850 0.030046125163753813
6900 0.04784124356672394
6950 0.029750920117561426
7000 0.031156189016980845
7050 0.03571107451988061
7100 0.03374554784366077
7150 0.03758318191739573
7200 0.04625702089519607
7250 0.030375390713535903
7300 0.03432432966480171
7350 0.04132347455781325
7400 0.04251178957275902
7450 0.02926817676346536
7500 0.030109997488466596
7550 0.035297847702535544
7600 0.03064969128057359
7650 0.029786728832291363
7700 0.05649301568670752
7750 0.03286157854303531
7800 0.03036213670857828
7850 0.035583816079802044
7900 0.04101316352642257
7950 0.028780855750987842
8000 0.028798510078454763
8050 0.03134778578216548
8100 0.0394872682244727
8150 0.057568560062449044
8200 0.03337375928968381
8250 0.026257908296723524
8300 0.03386187531719863
8350 0.037940348529774084
8400 0.034168669809416075
8450 0.027154403093287673
8500 0.03663380185034433
8550 0.027346867219852525
8600 0.02839414738327099
8650 0.035659632613444334
8700 0.03190863813323447
8750 0.056370977112918504
8800 0.02700869472896712
8850 0.036695195498279494
8900 0.03246101158586736
8950 0.03172319690588215
9000 0.03992800134921026
9050 0.04046255566489731
9100 0.029741909442758376
9150 0.029564279165582418
9200 0.026648193210741324
9250 0.055564283528338136
9300 0.027556007285060975
9350 0.02811194972224872
9400 0.03066993717916692
9450 0.028166573200961824
9500 0.02946488847511905
9550 0.04384851921194039
9600 0.026285561828976147
9650 0.040838905925060946
9700 0.02692000497526916
9750 0.02692934975305152
9800 0.04323517418831056
9850 0.02566269097022356
9900 0.026821625160450713
9950 0.025279599819374474
10000 0.03836150727469039
10050 0.03037470081361342
10100 0.024958619487495736
10150 0.026072490286722594
10200 0.026268451321962816
10250 0.025048105679394653
10300 0.028023658563656136
10350 0.028111776347791138
10400 0.02541351528896393
10450 0.02585445350295432
10500 0.024845224282736188
10550 0.025256194123766323
10600 0.02771922988341658
10650 0.02675850946110681
10700 0.02749725184148973
10750 0.030106509406883683
10800 0.02464425988374393
10850 0.0255323876276814
10900 0.025567687619175168
10950 0.023997283201827112
11000 0.02704967866926851
11050 0.027046061867063365
11100 0.028898345423285836
11150 0.028980593114095267
11200 0.023830280365404084
11250 0.028421272481582584
11300 0.03314024987020805
11350 0.026371345154856982
11400 0.025469410034288216
11450 0.024218643126463445
11500 0.028538493673504722
11550 0.038469855491377214
11600 0.021867000772831408
11650 0.03757787777026479
11700 0.026649371547256277
11750 0.024562984711627846
11800 0.024214924027222216
11850 0.024484876948841727
11900 0.028617727133986446
11950 0.031116078502765262
12000 0.024072803268770385
12050 0.027168251646363575
12100 0.023789711821185038
12150 0.023004832997208232
12200 0.02153489436959591
12250 0.0257187020668359
12300 0.02229995695832788
12350 0.02291069898665357
12400 0.02299122691858044
12450 0.02436045484687282
12500 0.02174443299102239
12550 0.02735163604037001
12600 0.024686764110327847
12650 0.02202021096988139
12700 0.04588374668177774
12750 0.023129713875946426
12800 0.02190489982941257
12850 0.02309080319211443
12900 0.023530535374287675
12950 0.022249160646805276
13000 0.021233639374290687
13050 0.027161546574944857
13100 0.025119487223681826
13150 0.03485357749683485
13200 0.021688804477834916
13250 0.02116421631943387
13300 0.02777633752298423
13350 0.0217900166346718
13400 0.023233022944325037
13450 0.022164330259721157
13500 0.021622428874196728
13550 0.022611814123466308
13600 0.022538668740514783
13650 0.020328557783765445
13700 0.019886228950240385
13750 0.02076727548081479
13800 0.02503832441957866
13850 0.026491003120483046
13900 0.021399793946454443
13950 0.02143060178210438
14000 0.03658033949966871
14050 0.02101573334787377
14100 0.029617216562331256
14150 0.019855301304497322
14200 0.020465401036398635
14250 0.02014670658720051
14300 0.021624246196925215
14350 0.028036773544162258
14400 0.020864110462101904
14450 0.019737384543242722
14500 0.027287752627324597
14550 0.03000068349407083
14600 0.028241286474957206
14650 0.0362902012307861
14700 0.021732661345633217
14750 0.024846062709663427
14800 0.020857666231555307
14850 0.02711456402570341
14900 0.028405538002208262
14950 0.02302564551640884
15000 0.02760080317956948
15050 0.018973731707663897
15100 0.019987601390775458
15150 0.019685295029073933
15200 0.019052230679886643
15250 0.019238283814776373
15300 0.022163354813716115
15350 0.026311828042181226
15400 0.024561540016729833
15450 0.01837973410128544
15500 0.029886361556960207
15550 0.01946709896579623
15600 0.024254104015258127
15650 0.021010900458217376
15700 0.020900547515026464
15750 0.026345402421635553
15800 0.024722595675295816
15850 0.022466119542245092
15900 0.029912257329830307
15950 0.0192938827215818
16000 0.02142938063936405
16050 0.018506329266930778
16100 0.027317517832377243
16150 0.017635320587496166
16200 0.017977311723986943
16250 0.020360409910943983
16300 0.018869204336879466
16350 0.02017013285057627
16400 0.029029450627836642
16450 0.019851483420961345
16500 0.020221489251780286
16550 0.018138361674454203
16600 0.022903186460766188
16650 0.031466698665202825
16700 0.02047757426819609
16750 0.021289633631165976
16800 0.02802535433444913
16850 0.021700735678250056
16900 0.016683950025300463
16950 0.021118316471762093
17000 0.02180287606229885
17050 0.024480055834238366
17100 0.020762087013380375
17150 0.018763470853945995
17200 0.01760551686904449
17250 0.01837158057303971
17300 0.01697335310679653
17350 0.019679834750956398
17400 0.017040948190847102
17450 0.02899947130975315
17500 0.021549597555400517
17550 0.01732822961527735
17600 0.01672595312219566
17650 0.02750986934391633
17700 0.021743075922866565
17750 0.022788753753120134
17800 0.019308915092820494
17850 0.019917621836195616
17900 0.022087868748407544
17950 0.017036674100204548
18000 0.01610016999533578
18050 0.018248674998920564
18100 0.039282141619795555
18150 0.01995785241817184
18200 0.019423594835344386
18250 0.018782502132034796
18300 0.01815706490542611
18350 0.018976168339640612
18400 0.01736836401903455
18450 0.01665174235852719
18500 0.016283431620342
18550 0.02774862289227693
18600 0.018141941966845924
18650 0.019685079450663782
18700 0.023014784698082165
18750 0.014830921241317607
18800 0.01763255876030678
18850 0.016966119888705243
18900 0.017481874063637607
18950 0.020491769545997664
19000 0.019265029897385603
19050 0.015348612742992027
19100 0.02617300888803941
19150 0.016127045411839132
19200 0.01872337970219561
19250 0.016714600471067785
19300 0.015433684674244748
19350 0.021142880708572922
19400 0.015727427621297835
19450 0.025459076369735552
19500 0.0174900337987596
19550 0.016576755885422557
19600 0.016978929242691006
19650 0.0152225475835907
19700 0.014977825416905755
19750 0.020599050882411186
19800 0.01988456734530555
19850 0.023349093873798642
19900 0.017637672425179773
19950 0.017462511299693364
20000 0.017897062701496443
20050 0.01680479552072958
20100 0.02019811250627705
20150 0.022487113599178044
20200 0.015361397385379932
20250 0.014821560246911024
20300 0.019126022888205665
20350 0.017681144088339127
20400 0.01982814609317783
20450 0.0150785768746732
20500 0.015809298070886345
20550 0.014118644647156908
20600 0.014343349694594118
20650 0.01518014874266264
20700 0.015366306586552157
20750 0.014165272328313074
20800 0.014973800830534676
20850 0.020777843745464108
20900 0.013829557401106965
20950 0.014916713195481338
21000 0.013372052936582977
21050 0.014379426061778678
21100 0.014492892157097217
21150 0.014463723493197722
21200 0.01457494508434282
21250 0.014510927179422532
21300 0.01420164883948475
21350 0.015781171003333812
21400 0.013881142154706387
21450 0.014655520974883068
21500 0.0167873418536784
21550 0.027787846272328897
21600 0.013764974308471145
21650 0.014254319568439573
21700 0.016960507352099252
21750 0.013219761444183187
21800 0.02456279841945684
21850 0.015775142096723788
21900 0.02713965568882224
21950 0.013811671175711103
22000 0.015244152457129304
22050 0.013920403154134106
22100 0.015937083353120367
22150 0.016026928746965156
22200 0.013581066452926222
22250 0.017424839734627547
22300 0.014580767955593694
22350 0.022834735264972993
22400 0.022349573034734515
22450 0.013706453561838562
22500 0.026619576369978627
22550 0.014501553828827023
22600 0.013266293495358995
22650 0.012986503945671085
22700 0.015951152174149937
22750 0.013337693804032465
22800 0.014700902766474929
22850 0.015629572595113505
22900 0.014142723724492412
22950 0.01816081307088985
23000 0.019229717756575445
23050 0.01323713753836349
23100 0.014309899938725838
23150 0.017985497262366208
23200 0.013545512674888344
23250 0.021599040535397653
23300 0.016624926366206463
23350 0.012190849521563732
23400 0.012838521147913604
23450 0.0166094378994629
23500 0.014973955624389315
23550 0.023826690039843453
23600 0.019197266502288684
23650 0.013150417359957417
23700 0.012909390142053417
23750 0.02430210160820141
23800 0.022726478194149167
23850 0.012367859963203616
23900 0.015180805292283934
23950 0.01278784970266598
24000 0.018489667098496494
24050 0.014436020362167476
24100 0.016316231136880542
24150 0.012184633329844903
24200 0.012490898886642673
24250 0.015867453816289342
24300 0.017738902672127486
24350 0.033907457754533764
24400 0.030184972360699048
24450 0.023711879146041052
24500 0.012381067185051685
24550 0.013237080050485425
24600 0.013880525310645805
24650 0.013904344377685831
24700 0.014510313309084737
24750 0.021156268889890927
24800 0.012464093333484813
24850 0.011892744866747778
24900 0.017808839150713816
24950 0.01944687228940934
25000 0.013107027619920327
25050 0.0126180899417941
25100 0.015302196465739978
25150 0.012288577598556224
25200 0.012190358466005202
25250 0.013525904340163106
25300 0.01498591622264924
25350 0.01525250372206745
25400 0.011779589111212197
25450 0.014034552285406376
25500 0.014928739390201902
25550 0.01336795009041831
25600 0.012817537842199528
25650 0.012262184486308803
25700 0.02031804031624993
25750 0.017344758243725653
25800 0.013253619182355156
25850 0.01197032623602592
25900 0.013666499403638519
25950 0.013165818627313468
26000 0.012014390162922927
26050 0.015420179573013575
26100 0.020887414919760542
26150 0.013042063043030216
26200 0.017014341329819094
26250 0.014099252295806407
26300 0.0142704877820655
26350 0.017758408408245826
26400 0.013368851539646795
26450 0.012057945924240128
26500 0.021167069636863104
26550 0.011618213030853806
26600 0.011690373886390182
26650 0.015629622031881323
26700 0.011170314143629534
26750 0.014899121687589707
26800 0.011804893917986906
26850 0.01189277782243001
26900 0.015649425819925605
26950 0.01277518408484283
27000 0.010569411471241626
27050 0.01990619957187364
27100 0.01969073171601848
27150 0.01871396445281455
27200 0.010820410459907025
27250 0.014891876328478368
27300 0.011742872395359826
27350 0.011292548610694743
27400 0.011917537981783667
27450 0.011547102252307862
27500 0.01235731089904619
27550 0.012391521318724426
27600 0.0114368932562719
27650 0.014507168315877202
27700 0.0244532963198663
27750 0.010957569432754806
27800 0.011343068012903983
27850 0.011151268107947124
27900 0.011300287471956582
27950 0.01025259264383386
28000 0.010860746480721087
28050 0.010076517248680594
28100 0.011074970904390833
28150 0.010173959868081698
28200 0.012791055916325688
28250 0.01526175438547302
28300 0.012448251397553399
28350 0.02380070852885662
28400 0.03402614773827142
28450 0.015666238697716148
28500 0.010890836924813798
28550 0.010556805822887752
28600 0.011066211643933021
28650 0.010766149097894896
28700 0.011413920991001768
28750 0.011739379983505844
28800 0.011138566038460926
28850 0.012054181799691092
28900 0.010704539652587882
28950 0.010701936825183517
29000 0.01079076132018371
29050 0.012621233908301055
29100 0.012629442591292778
29150 0.010744658899056207
29200 0.017756307093869543
29250 0.015038697316488613
29300 0.010241197368296465
29350 0.011452945066672889
29400 0.010804958349046863
29450 0.017051167871249023
29500 0.011913328356928774
29550 0.024501175770874805
29600 0.014457064509605735
29650 0.010191524025164898
29700 0.01387953457163673
29750 0.012684850144549741
29800 0.010994970236653027
29850 0.016856803023720376
29900 0.014950794022238048
29950 0.016624368736194762
30000 0.013099144122718105
30050 0.01498100537536442
30100 0.010480799581947543
30150 0.010346377839363449
30200 0.010817567342856447
30250 0.010490329460587314
30300 0.010375555044406785
30350 0.012537837395440822
30400 0.010366156850674265
30450 0.010926787007022782
30500 0.01109306670844174
30550 0.010818723499571237
30600 0.014777433878977958
30650 0.01205907412016888
30700 0.010435430970144013
30750 0.012895202989790577
30800 0.018692353479186654
30850 0.02207156939260837
30900 0.019023151477909145
30950 0.010322240276585268
31000 0.010076338055389485
31050 0.010853859012903366
31100 0.01845579776617218
31150 0.01025526000350903
31200 0.01075331107945533
31250 0.011075573782409349
31300 0.01157384703385433
31350 0.011390820807755856
31400 0.010635503372362324
31450 0.017457310849440022
31500 0.010685337998166346
31550 0.011205546419040901
31600 0.010817294507872702
31650 0.010571992001705386
31700 0.01014757426459675
31750 0.01113651396776309
31800 0.010027362893804542
31850 0.010402693260292408
31900 0.01102140460448826
31950 0.010041170535838471
32000 0.009830900045112698
32050 0.01001375069624414
32100 0.009791903059779212
32150 0.016032871161346218
32200 0.010305512097145784
32250 0.01225601700393577
32300 0.014175994652558815
32350 0.010246562416429246
32400 0.009493741947139422
32450 0.010297578568622567
32500 0.010001809227913121
32550 0.010587076894309998
32600 0.01213529448839784
32650 0.010354895347545474
32700 0.011299160288519726
32750 0.011102882972912113
32800 0.009887349691959963
32850 0.010852683668144673
32900 0.011042125379511075
32950 0.010644986089426352
33000 0.01656536789364146
33050 0.014533228435772674
33100 0.00956072532891059
33150 0.010088098654865442
33200 0.013472743095429361
33250 0.015820548705684383
33300 0.009149528857537526
33350 0.011580999185015317
33400 0.010947234382563046
33450 0.013352394543742001
33500 0.013324345002164248
33550 0.01396738602531007
33600 0.012504183431325092
33650 0.011314946448684596
33700 0.010495688805018465
33750 0.009186606102317401
33800 0.012443725706117154
33850 0.009935589634447304
33900 0.00938513607823557
33950 0.012426986993260695
34000 0.009671662767164173
34050 0.025100875467936573
34100 0.011021672421163364
34150 0.009526279655755985
34200 0.009457137864750758
34250 0.010270629203071471
34300 0.023278816107950198
34350 0.011961268525156036
34400 0.009506086738985705
34450 0.010604155560160712
34500 0.009346826537973692
34550 0.013068562685295966
34600 0.010283724068682045
34650 0.009106094661399868
34700 0.00971773262559105
34750 0.014379892453180386
34800 0.014124857028062533
34850 0.01182338878800201
34900 0.013069686019966572
34950 0.00916297337536131
35000 0.01487879635084617
35050 0.012742964923924547
35100 0.012651025953368903
35150 0.009447716280883615
35200 0.010313634949003711
35250 0.010540446527366099
35300 0.010521435765201809
35350 0.010083066856764439
35400 0.011282376578586708
35450 0.010123929126472484
35500 0.010086781282239147
35550 0.009933647051459129
35600 0.011245890798358572
35650 0.009715177968095524
35700 0.010070132078818928
35750 0.00995802713874265
35800 0.009858733167247264
35850 0.01218344532776572
35900 0.010216861068408732
35950 0.010663050351494594
36000 0.011110039407167338
36050 0.011100827414855852
36100 0.010138278209319406
36150 0.009945131445879081
36200 0.01198875850648396
36250 0.010655187298884143
36300 0.010097487289923166
36350 0.011271521633464714
36400 0.009765347623303335
36450 0.009416745788330023
36500 0.009589003825089417
36550 0.011061821115998793
36600 0.015275118853150284
36650 0.009905402771685947
36700 0.009010271888375965
36750 0.01006909413491247
36800 0.009024740322450731
36850 0.008747562153542497
36900 0.009166930920859677
36950 0.011593208315132629
37000 0.015675347012445932
37050 0.011274582965779012
37100 0.008452470685882577
37150 0.009061115310006702
37200 0.009951941271621745
37250 0.010596367012747392
37300 0.011825952617264851
37350 0.010661213827542223
37400 0.009037934843704404
37450 0.017398917998953326
37500 0.019550575206468388
37550 0.014163462059179238
37600 0.014192737932175088
37650 0.009660719805913208
37700 0.009542440568767761
37750 0.008898032200292541
37800 0.009157394576141531
37850 0.016265624215837594
37900 0.013387512069352396
37950 0.010096795930776049
38000 0.014028597217302843
38050 0.022347833629030124
38100 0.016483612622493437
38150 0.009935692800420988
38200 0.009000909499052658
38250 0.008879244506220447
38300 0.009008476431860844
38350 0.009188396499315413
38400 0.010733784395092129
38450 0.009026786638976077
38500 0.009966802719385775
38550 0.009020412452978173
38600 0.008802534936813097
38650 0.009059891695850732
38700 0.00911499163024355
38750 0.00888155942297354
38800 0.009793400579078683
38850 0.010871518460831009
38900 0.008870263483610044
38950 0.010706755655624386
39000 0.0090768243064284
39050 0.009697087753487287
39100 0.00917828230578728
39150 0.009129410345978823
39200 0.0124411464582713
39250 0.008777252546657193
39300 0.013664470021234694
39350 0.00975312361106364
39400 0.015568635343035929
39450 0.014512835345564034
39500 0.009477277425591402
39550 0.010771149306867435
39600 0.012049459473564545
39650 0.011141004548199862
39700 0.009473730334345233
39750 0.010241773604430897
39800 0.009110481105599482
39850 0.013636940759121283
39900 0.008642605561783768
39950 0.008887084708927026
40000 0.01346759977507682
40050 0.012980969367566498
40100 0.017291751988926574
40150 0.013377251475994997
40200 0.011585913142178885
40250 0.010176157362513498
40300 0.009609178339025347
40350 0.00936260871728641
40400 0.009622185612542808
40450 0.010024930123418374
40500 0.009135341960434995
40550 0.00885052937781025
40600 0.00920465142046758
40650 0.00968246186045935
40700 0.010221110160315247
40750 0.00861676655558028
40800 0.010843922552459598
40850 0.011953948218271098
40900 0.013576009479702793
40950 0.01382325970105738
41000 0.015589346441043131
41050 0.011556331755196367
41100 0.010958614899875275
41150 0.012282198700884256
41200 0.011665097726424054
41250 0.010017136838848436
41300 0.00952296244425183
41350 0.011665525268710238
41400 0.01318687122642869
41450 0.011204755064020747
41500 0.01579437393008759
41550 0.012241242356694536
41600 0.012447893023938663
41650 0.011807030727227044
41700 0.011435456949663012
41750 0.011366737216636473
41800 0.009113156127410264
41850 0.008997785740031385
41900 0.010415687505236278
41950 0.00926674157693695
42000 0.010630480557820697
42050 0.009970754446517842
42100 0.009323295926510718
42150 0.00996655277604564
42200 0.010145071336427334
42250 0.010411109190092818
42300 0.017166831428418534
42350 0.014609374428695959
42400 0.0121040006749525
42450 0.01121009380260945
42500 0.014242455358245124
42550 0.011950142705942695
42600 0.009233985685825473
42650 0.009260110997485454
42700 0.008727559823892731
42750 0.008881437823372494
42800 0.008504031808339068
42850 0.008911859526972337
42900 0.009231772507846797
42950 0.011151690629314587
43000 0.010601490511458036
43050 0.008823522897333744
43100 0.009472964912807458
43150 0.010043268608768856
43200 0.012040262110924382
43250 0.012484359916180507
43300 0.010118550160145623
43350 0.010597374339020164
43400 0.013135480638040332
43450 0.010408314313089447
43500 0.00932821623997816
43550 0.009580405295294045
43600 0.009519169833972864
43650 0.008650429856300537
43700 0.00942015687347777
43750 0.010311423866264442
43800 0.011031163924492531
43850 0.00935431602258632
43900 0.009358679951279517
43950 0.011774065862201297
44000 0.016948339254196147
44050 0.01451967683501948
44100 0.01223375757878402
44150 0.012879995875184245
44200 0.012199719195653517
44250 0.012041651429254157
44300 0.011886136300982359
44350 0.009464778760482144
44400 0.012632840116149447
44450 0.009810424340210164
44500 0.009484710365805362
44550 0.009548311784683738
44600 0.0084015641709219
44650 0.008994257370849336
44700 0.008311905992097189
44750 0.00845711350308505
44800 0.009470859391837326
44850 0.0091851148854874
44900 0.008545088885351517
44950 0.008241400563180882
45000 0.008522500209063909
45050 0.008471105219485167
45100 0.008669139538009704
45150 0.008850773842193283
45200 0.009169404209714063
45250 0.008730785852397374
45300 0.008466225970885281
45350 0.008705422019747902
45400 0.008892256554209601
45450 0.008587519147251569
45500 0.008261584195329068
45550 0.008521284904935667
45600 0.008405739150243698
45650 0.008482126062900733
45700 0.008638421096802648
45750 0.008373757538652877
45800 0.008580399144795013
45850 0.00886612991191505
45900 0.01110471161830519
45950 0.011402207167515716
46000 0.009224791688398865
46050 0.009157974459196997
46100 0.00875086185442986
46150 0.008252267723773838
46200 0.010049018825817506
46250 0.009910783603600872
46300 0.010699375724571877
46350 0.010335451380565113
46400 0.011602618374397137
46450 0.0106408584853131
46500 0.009366125860147848
46550 0.008732606095583408
46600 0.008729370270291456
46650 0.008242016590242441
46700 0.008481444880494689
46750 0.00923253215054274
46800 0.010740990519576612
46850 0.009819469831990012
46900 0.009519562999541339
46950 0.008681371641563646
47000 0.00861861699963272
47050 0.008536343736371728
47100 0.008356712263261522
47150 0.008853108485003756
47200 0.008531267209568512
47250 0.008102029760254478
47300 0.008272405878816213
47350 0.009229116268087843
47400 0.00942942627562042
47450 0.008744650258943496
47500 0.008832665967559541
47550 0.009162618938748772
47600 0.0088814787323332
47650 0.008750962534560673
47700 0.008869090994508189
47750 0.009368905874626174
47800 0.00902932741202714
47850 0.008454542321275132
47900 0.008767993290996009
47950 0.008049284671333038
48000 0.008558967327723703
48050 0.008741461477778873
48100 0.008554054692163165
48150 0.009270606712653125
48200 0.00883980031292885
48250 0.008545500814207732
48300 0.008032019702043532
48350 0.00923074670641544
48400 0.009110347529150336
48450 0.008432701275641155
48500 0.008406443203346882
48550 0.008659128446240175
48600 0.0088771069678086
48650 0.008262203251749641
48700 0.009191875349805735
48750 0.01012401889720696
48800 0.012181222304297358
48850 0.010117365207445638
48900 0.01019174696891495
48950 0.010427195160243237
49000 0.011381423514220898
49050 0.01205692921887714
49100 0.013899898821647582
49150 0.015100062654185844
49200 0.015847694405226414
49250 0.014106150886898603
49300 0.0132312005180591
49350 0.012596557918444943
49400 0.010831552348497475
49450 0.009925251540190933
49500 0.010235600244911188
49550 0.011008296668838433
49600 0.010410657402200608
49650 0.009608363908157225
49700 0.010128282388405541
49750 0.009442724784875033
49800 0.009226574029954313
49850 0.008335615253841492
49900 0.00862104793041033
49950 0.008329946789700303
50000 0.008160208793472673
