50 0.9944506472817188
100 0.9924455598809324
150 0.9925637487968301
200 0.9918654617121904
250 0.990823050549233
300 0.9898571721205306
350 0.9885874187125556
400 0.9869888608868397
450 0.9849944453523612
500 0.9823772507956968
550 0.9788267916586231
600 0.9734846296907421
650 0.9652355878464208
700 0.9518277788421584
750 0.9275334120843972
800 0.8759764500490468
850 0.7546716561522091
900 0.5706935350378128
950 0.509106330819973
1000 0.3361774745423393
1050 0.29955422946808324
1100 0.21131130240964618
1150 0.18359623847382503
1200 0.13394889880515198
1250 0.1527967327121584
1300 0.11815667137432047
1350 0.12876262533058028
1400 0.10514514022075322
1450 0.218651608104952
1500 0.1601458483284804
1550 0.11194369711827622
1600 0.10132808863443896
1650 0.08659123956515695
1700 0.08414167521910723
1750 0.10015450134345097
1800 0.08802438098517064
1850 0.07772872614602283
1900 0.0716649279799966
1950 0.06928486755453427
2000 0.11342083152370387
2050 0.07453955931571164
2100 0.06652637491084279
2150 0.060361690204407535
2200 0.07692458377093875
2250 0.06827852559803357
2300 0.05854102435221087
2350 0.05309577238856621
2400 0.2111381237078464
2450 0.10544018727074077
2500 0.06307487061969758
2550 0.053928191967560865
2600 0.05943928632684582
2650 0.0532512308192474
2700 0.048014566683506656
2750 0.04856408471600108
2800 0.0640278437227609
2850 0.05592109924728545
2900 0.04221875985014621
2950 0.053105278581259435
3000 0.06511537195841627
3050 0.05351917786586019
3100 0.04089648822743381
3150 0.0939099524354039
3200 0.04402491295999517
3250 0.044596948171318075
3300 0.04176881135061648
3350 0.041871570337413226
3400 0.10925503547224681
3450 0.06018449867139324
3500 0.041145675702978834
3550 0.03948117816563315
3600 0.049967839696663706
3650 0.037735216440010544
3700 0.06926695849692267
3750 0.03620232531715342
3800 0.05521051616724996
3850 0.07771837629365855
3900 0.038916946294222675
3950 0.03569304753216363
4000 0.03705357035178031
4050 0.06725579075171906
4100 0.03371579169873383
4150 0.04523739459720241
4200 0.04059778193568164
4250 0.05275289822219555
4300 0.05774574056445087
4350 0.04220997158709518
4400 0.19279614338445822
4450 0.06813727118451285
4500 0.03727399921418861
4550 0.0363807084716276
4600 0.034936307152232525
4650 0.053311657948434815
4700 0.03476936451664759
4750 0.06455665879647134
4800 0.037528435356642145
4850 0.03555136325436851
4900 0.034205600827720846
4950 0.03600538030176544
5000 0.03849318103251175
5050 0.032323471806007524
5100 0.031585642263485335
5150 0.03799252720415569
5200 0.03615402053751145
5250 0.03292767776562673
5300 0.03315306735476418
5350 0.03865223575262179
5400 0.04808340427442945
5450 0.03082100750265302
5500 0.03705784973717318
5550 0.030903066938620403
5600 0.04722821118784987
5650 0.03185482662905707
5700 0.035358040168493615
5750 0.03530945288710652
5800 0.03321851250490557
5850 0.030152708432946703
5900 0.03832617589578221
5950 0.038471061165515165
6000 0.03747615089072425
6050 0.04714065358086205
6100 0.04869216826059069
6150 0.03167307026541234
6200 0.030492419939873026
6250 0.037681954757684065
6300 0.029483834196975783
6350 0.028906873560874024
6400 0.030350407174439247
6450 0.030542722512683956
6500 0.039575784413375725
6550 0.04101586112136541
6600 0.029962606405414382
6650 0.03176485715295346
6700 0.029789218851206428
6750 0.044920173272978044
6800 0.028677169555701466
6850 0.029260464331638033
6900 0.028332803086890086
6950 0.03877636063475398
7000 0.0313433127982617
7050 0.028437453107049915
7100 0.028594103400614062
7150 0.029360250218639715
7200 0.029581743530215115
7250 0.033445790258995335
7300 0.060777851791633454
7350 0.028362711656695412
7400 0.02692319398804309
7450 0.040077020215198406
7500 0.027140789104534036
7550 0.040992536666610166
7600 0.02819180095893927
7650 0.03649048957719604
7700 0.029649360179052068
7750 0.05021126343722538
7800 0.03083359693300788
7850 0.033116889050654
7900 0.027612095554499314
7950 0.030560345398006564
8000 0.035733106081842124
8050 0.06003763956207975
8100 0.02980060018647969
8150 0.03362964386647341
8200 0.03455854379835895
8250 0.03632009140407375
8300 0.030161380295131015
8350 0.03847664488989741
8400 0.025732971202746792
8450 0.026540132367307612
8500 0.03829356169590385
8550 0.0253586765607057
8600 0.03627678776573506
8650 0.026299165306585492
8700 0.026342143378773174
8750 0.02724896373875372
8800 0.03795693301419472
8850 0.044658728717290534
8900 0.025876064548261593
8950 0.024423279549046054
9000 0.03371541265698085
9050 0.02976654394086696
9100 0.03869618200531951
9150 0.03579347894721837
9200 0.052564238708793315
9250 0.023517839467220792
9300 0.03785822827818921
9350 0.02570729573268982
9400 0.029513790030354755
9450 0.024535963419080917
9500 0.031225555934641203
9550 0.036121357426305095
9600 0.03132364948460709
9650 0.026973533755846876
9700 0.026101556220028615
9750 0.025996852852443835
9800 0.03811760330277443
9850 0.02242505393881258
9900 0.02990705407995869
9950 0.031102349910085852
10000 0.022235112533607
10050 0.035851900938828896
10100 0.04346340548392465
10150 0.02507552356988237
10200 0.023530145507531706
10250 0.036110554212720976
10300 0.024389615526938163
10350 0.025877593502565976
10400 0.022925758138229363
10450 0.03089680823497987
10500 0.02233759692531858
10550 0.021857088177937207
10600 0.02971394193629767
10650 0.026919805003347383
10700 0.024243926867854173
10750 0.02688155930316553
10800 0.02586902507500379
10850 0.02885181376017683
10900 0.022896835726950702
10950 0.022137536197346413
11000 0.026589206769313256
11050 0.02143243360902823
11100 0.02512337730840928
11150 0.02449397027121407
11200 0.024234127307760422
11250 0.021967978375503273
11300 0.031162395167005603
11350 0.02603559433768806
11400 0.02076518932879265
11450 0.022197894934505934
11500 0.024922286245663002
11550 0.02470721738022073
11600 0.02477094925218116
11650 0.023111035230881025
11700 0.024015328327510525
11750 0.020911276143206953
11800 0.024813307158597236
11850 0.024032775692104828
11900 0.02147238487852807
11950 0.021245607034717794
12000 0.026473774616550073
12050 0.019073573978582184
12100 0.020944461264939325
12150 0.021132629018654096
12200 0.021455604270505767
12250 0.02442745783675263
12300 0.01999171297839406
12350 0.021315293364802625
12400 0.020235763418999245
12450 0.0220568652666995
12500 0.024346896968397876
12550 0.01987855164450446
12600 0.019153990046086533
12650 0.027594624973954048
12700 0.02394522966405705
12750 0.02467517598090225
12800 0.021394969018484495
12850 0.021599335734140523
12900 0.025138895736591806
12950 0.022149273331964932
13000 0.034402306474518494
13050 0.02158957036920019
13100 0.019720655891401626
13150 0.02157875498355092
13200 0.02095525264447005
13250 0.017936744569909614
13300 0.01786169160856847
13350 0.019485315137005563
13400 0.021318240158719144
13450 0.022119114677913918
13500 0.017630451349860247
13550 0.0186140903895085
13600 0.017641735590975392
13650 0.02197691970911325
13700 0.029371559866649542
13750 0.019726163597696755
13800 0.016938760307395183
13850 0.033198440379838295
13900 0.02852750608278266
13950 0.021871149144890602
14000 0.022503013417423248
14050 0.03226963904060123
14100 0.031367108321621075
14150 0.022035124182565875
14200 0.016502845248998612
14250 0.016631763265387768
14300 0.016558890809259093
14350 0.01837692744926816
14400 0.01958307328702621
14450 0.019381853237861877
14500 0.019031687172213756
14550 0.027423067889943527
14600 0.030673008469021653
14650 0.026726006818459356
14700 0.01640117399669141
14750 0.018370592640445806
14800 0.015977179365751628
14850 0.016693195798707167
14900 0.017440780729667867
14950 0.018908376394454092
15000 0.018951176466270963
15050 0.017798764598910253
15100 0.019505707997657627
15150 0.017819874550380154
15200 0.0247710887874197
15250 0.022078993129487523
15300 0.027167905756917878
15350 0.01607514365573012
15400 0.015837883072711445
15450 0.02222113045182012
15500 0.017029253502868536
15550 0.01701887238182519
15600 0.01582161148684372
15650 0.015116076637599467
15700 0.021921771521915576
15750 0.014971578689251856
15800 0.016133638630365
15850 0.015235852813506295
15900 0.03016651708766787
15950 0.014961820587960455
16000 0.014892700690342509
16050 0.01599078774374669
16100 0.02397827828672641
16150 0.015303555114064062
16200 0.017273821118780962
16250 0.01725126628491109
16300 0.026169428820179988
16350 0.019809908575080675
16400 0.016417947744929547
16450 0.01586514545594232
16500 0.017794151722376614
16550 0.022433067764479512
16600 0.017572113463821246
16650 0.023906363981136786
16700 0.023549659570588802
16750 0.018138675128585226
16800 0.01884232407890106
16850 0.01557871677335124
16900 0.02847461587196678
16950 0.02234675889740633
17000 0.014275573525232418
17050 0.024871787619472674
17100 0.014038894240925439
17150 0.014896276527270673
17200 0.01875892426576722
17250 0.016003965049444915
17300 0.013499721441413723
17350 0.020570397194845998
17400 0.014915335446515599
17450 0.02581120125194698
17500 0.016219475465082556
17550 0.040047328614141
17600 0.023203340191643985
17650 0.016489572003510086
17700 0.016538396867031444
17750 0.014332852290980627
17800 0.022045318513617827
17850 0.018437851142958105
17900 0.02249785624965299
17950 0.017847906041454625
18000 0.0174604615034661
18050 0.02199512911684837
18100 0.013850070963232153
18150 0.020982808109085246
18200 0.014162522957950539
18250 0.02449944597870991
18300 0.015402118050580529
18350 0.01949154667010948
18400 0.013814560126819024
18450 0.013942122768937248
18500 0.02913906518541438
18550 0.01248913728673602
18600 0.013405647422875899
18650 0.011617784870525446
18700 0.011568519788840404
18750 0.016441794700964525
18800 0.015457793213755944
18850 0.011308788688504812
18900 0.029891345411215887
18950 0.01317831933313102
19000 0.017297810194289047
19050 0.016151186296297745
19100 0.045491917936671386
19150 0.012076349517516929
19200 0.01447976912310088
19250 0.013981830817796626
19300 0.014596140961900324
19350 0.013783610970612573
19400 0.02148108083734869
19450 0.013665362079558567
19500 0.01603057404348477
19550 0.012471038608753381
19600 0.013895632132456892
19650 0.011260143213139904
19700 0.01445476150762755
19750 0.01950817746307312
19800 0.02378991852565855
19850 0.01669967453377419
19900 0.01941293076847331
19950 0.017484020787331925
20000 0.014568715736352827
20050 0.011421956972626875
20100 0.024601881080687976
20150 0.021366428942268156
20200 0.011673856657217754
20250 0.013326608808568336
20300 0.016189072288604778
20350 0.019470306853139652
20400 0.011724295564926952
20450 0.025816855145528183
20500 0.026048493541884432
20550 0.018235073842592132
20600 0.010767992357927575
20650 0.014059410713696954
20700 0.01176973572942783
20750 0.017038509485017582
20800 0.013736728346317593
20850 0.014064043488029409
20900 0.012397460821523066
20950 0.01674276840845458
21000 0.014486000867849845
21050 0.011722586514953517
21100 0.01991756123237689
21150 0.011465704492651208
21200 0.04023985594978068
21250 0.012339303015614523
21300 0.012811036529919528
21350 0.019755658103570946
21400 0.01434329474866019
21450 0.017706110972082748
21500 0.016974881748881836
21550 0.015164902593519224
21600 0.012246483589772662
21650 0.031100708705629032
21700 0.012553879237681061
21750 0.021978328229799712
21800 0.01352881115291365
21850 0.011906365512256073
21900 0.013189257615625363
21950 0.023926422494236557
22000 0.03391717148748328
22050 0.016229969920948367
22100 0.03269336425472849
22150 0.023057715635020022
22200 0.02530231528827127
22250 0.011552935097090268
22300 0.017083405128350403
22350 0.015668814866382313
22400 0.014840368896271307
22450 0.019479014867166407
22500 0.02445902978557297
22550 0.019398821115491013
22600 0.021638048746134717
22650 0.01443143447536146
22700 0.01968373558812831
22750 0.011401636937956053
22800 0.02154771059417004
22850 0.010775552228933243
22900 0.010323507985741713
22950 0.014094522156399605
23000 0.022568464970816684
23050 0.010359998676626958
23100 0.01730440277107981
23150 0.01027300871260022
23200 0.015286727761363932
23250 0.014611747892021373
23300 0.018580009094256802
23350 0.01397234684338113
23400 0.011917495772404533
23450 0.01652260916664297
23500 0.01950226618429699
23550 0.014788211585903249
23600 0.022634805390412415
23650 0.041459401092591594
23700 0.018580132139257032
23750 0.013857035381751764
23800 0.009184802271053978
23850 0.021273108690553412
23900 0.010727136454187785
23950 0.017790229398078578
24000 0.0145630552261864
24050 0.011418383547977045
24100 0.04005832157944126
24150 0.022274738841765375
24200 0.01896257097191899
24250 0.01981820804828666
24300 0.011790777032692396
24350 0.010607453193943898
24400 0.009303477815959768
24450 0.010853544837523273
24500 0.009376564382017664
24550 0.020151483056812376
24600 0.012034254063550139
24650 0.026155826358265938
24700 0.014344663693007772
24750 0.018070809514193785
24800 0.009809579939135034
24850 0.01812756835362559
24900 0.02028972769804949
24950 0.015353557129823402
25000 0.011050413179732746
25050 0.011112889632568214
25100 0.009660454585141885
25150 0.010010323776801357
25200 0.009801675112824128
25250 0.011524447622573741
25300 0.00910442366096055
25350 0.016733467203358075
25400 0.01656399289855843
25450 0.01444342270226054
25500 0.018162056826040964
25550 0.011217265115032045
25600 0.013562333527996401
25650 0.012221546715024421
25700 0.010559242125636116
25750 0.018634644345270786
25800 0.01450777215077791
25850 0.009687260025007517
25900 0.02303704204399187
25950 0.01307684182133146
26000 0.008729041906072146
26050 0.008575438541190541
26100 0.009580901574371518
26150 0.01109635969272402
26200 0.00939692514292508
26250 0.01814651527015062
26300 0.01956988779577794
26350 0.00859799637595758
26400 0.0086776807941083
26450 0.012954771104494238
26500 0.019811247054554317
26550 0.011747282461538597
26600 0.018717578052426655
26650 0.009473031459207491
26700 0.015796228027662958
26750 0.008403739664088025
26800 0.009717148030226653
26850 0.025815572147624657
26900 0.020609657416700167
26950 0.01641116221272918
27000 0.02441003067255492
27050 0.013038764467236386
27100 0.012643054823101456
27150 0.008731938012163067
27200 0.01210302533172596
27250 0.00804912459323299
27300 0.013542256094818805
27350 0.030901911899518172
27400 0.009339392011156624
27450 0.014929055246169961
27500 0.008805810723438093
27550 0.012078907528740171
27600 0.015074794887623241
27650 0.01139593543133086
27700 0.013713996840365382
27750 0.012220148943653506
27800 0.01558560917441731
27850 0.02086029659385425
27900 0.01001590572762687
27950 0.015965522561641934
28000 0.0109270622411828
28050 0.016183085706678726
28100 0.013733321018815454
28150 0.02359108790319282
28200 0.01653055379467243
28250 0.010750976944547509
28300 0.01539889177049068
28350 0.023176071904433087
28400 0.017774331766254852
28450 0.021909016658644795
28500 0.01975889441086139
28550 0.03373167473768699
28600 0.009235922045720029
28650 0.008725684201221176
28700 0.009877414966860301
28750 0.013851249529572392
28800 0.01242325315400352
28850 0.013961912628559437
28900 0.010133199353369773
28950 0.010935979740018484
29000 0.010105183518372411
29050 0.00872257724961731
29100 0.011247499068570482
29150 0.009419443247220603
29200 0.01755711681280949
29250 0.013164738485473046
29300 0.0086683182196921
29350 0.010124502215535937
29400 0.01331013977314831
29450 0.010285266942346211
29500 0.015660656600403822
29550 0.00840174167367654
29600 0.022505572027522115
29650 0.017626004358840548
29700 0.007625959995359812
29750 0.01460506229188278
29800 0.01993613044882744
29850 0.010900884910730315
29900 0.024452130851559346
29950 0.03563566597199238
30000 0.028546786023867857
30050 0.018748937301867375
30100 0.011499285173894239
30150 0.009571451622624703
30200 0.00863229802642996
30250 0.008183756333198977
30300 0.008973639488279424
30350 0.00950919469685764
30400 0.008122056500877764
30450 0.01007359237594594
30500 0.010943076633705995
30550 0.009539775150308401
30600 0.008245210905706212
30650 0.010888491234917858
30700 0.008862560187135562
30750 0.016172302979027768
30800 0.011635025421276066
30850 0.009335208053098076
30900 0.01400414894602834
30950 0.009989991629288025
31000 0.012775764974832456
31050 0.011871623381653356
31100 0.008087387481063694
31150 0.011655848862326035
31200 0.009873469134702112
31250 0.018576586428887338
31300 0.01441045479223168
31350 0.009631757724254517
31400 0.010695366457698202
31450 0.010996498248847478
31500 0.014565350629429883
31550 0.016986844771694848
31600 0.009461898501978348
31650 0.008346778782840594
31700 0.011911167171884047
31750 0.011448036309117842
31800 0.008534815136204283
31850 0.011766406668834807
31900 0.008098092637300006
31950 0.009058086278271744
32000 0.00874718457076463
32050 0.0076588150092016215
32100 0.017457965135935616
32150 0.010313351710485627
32200 0.011610379533735515
32250 0.008492109041193211
32300 0.014192848962595405
32350 0.010772176958754131
32400 0.010044431390412592
32450 0.015686167650759152
32500 0.009444636342963423
32550 0.015119910682309681
32600 0.014401035636319049
32650 0.011192710021608767
32700 0.008114081251858423
32750 0.017520506948690555
32800 0.017809812910639045
32850 0.009596852343085693
32900 0.008923183362915118
32950 0.011197783212570795
33000 0.032733888955131005
33050 0.008424953236992874
33100 0.01109027331082556
33150 0.01590370774365879
33200 0.018659422614792483
33250 0.011672415636221106
33300 0.015525298024795263
33350 0.01003495680693195
33400 0.007752777826669233
33450 0.011991957415706973
33500 0.008085261826856763
33550 0.00902722343794156
33600 0.011289912820175612
33650 0.01480881839504673
33700 0.007903164964704917
33750 0.00945232689788907
33800 0.008007450887116628
33850 0.008494848421751779
33900 0.008740249753979691
33950 0.015085948265369657
34000 0.011808342194696116
34050 0.011427966491344138
34100 0.008245775574885908
34150 0.007889272275862539
34200 0.01624374571599577
34250 0.007990848162381173
34300 0.009202951855324165
34350 0.0078042430002426685
34400 0.012352576205025093
34450 0.007778905439649653
34500 0.013007974890540031
34550 0.011537942127262927
34600 0.009806714839489129
34650 0.010563204528589335
34700 0.008211934852557586
34750 0.022138888555066967
34800 0.02199603964564128
34850 0.01964334182789789
34900 0.00965193992949653
34950 0.010032193498878572
35000 0.011142065019172401
35050 0.009165059367924163
35100 0.010998679189127407
35150 0.009198669041456818
35200 0.007513036615250759
35250 0.008575516964071358
35300 0.015301767695304546
35350 0.012502532508161775
35400 0.007828287470134712
35450 0.00821718319099936
35500 0.009050861401499948
35550 0.011237325225691623
35600 0.013573219284964794
35650 0.01416215314311351
35700 0.012395631162299034
35750 0.008886927693456963
35800 0.007761682147162764
35850 0.008026214523323949
35900 0.008471255751356611
35950 0.010239564274343603
36000 0.008246249891662302
36050 0.009890441553770729
36100 0.019585999780113304
36150 0.014749688964192948
36200 0.010059992871563322
36250 0.02097994622279076
36300 0.020180716127027723
36350 0.022889801644609326
36400 0.014302773140951864
36450 0.008662741716563492
36500 0.01317867643437109
36550 0.008838766358552509
36600 0.007505373517064482
36650 0.012452451325257703
36700 0.01394841580679721
36750 0.008975820661608222
36800 0.007587462231204067
36850 0.007375410698793221
36900 0.007716023097308397
36950 0.008031565629505853
37000 0.00835253843038471
37050 0.009239392147374712
37100 0.007648071038517111
37150 0.009218328695878023
37200 0.011017191963521912
37250 0.00795061353082595
37300 0.009792040415532584
37350 0.008139537680419437
37400 0.009987576163647075
37450 0.008383492932759647
37500 0.008168500324366765
37550 0.007611035160302786
37600 0.009705507183160596
37650 0.010204668718486628
37700 0.014957376953456537
37750 0.018380870408790096
37800 0.01274764117164282
37850 0.007245110821139982
37900 0.014305891812741911
37950 0.008688855485203583
38000 0.0074526382478188645
38050 0.008050469301216587
38100 0.009631442206563473
38150 0.00743629808121272
38200 0.01690004201588139
38250 0.017493218790696548
38300 0.014151997929469327
38350 0.008483791406446143
38400 0.008431056082030763
38450 0.015021975863158434
38500 0.017416687916750922
38550 0.01641788670213582
38600 0.008970310427265834
38650 0.013194941436912452
38700 0.00764936120544675
38750 0.015764374929658466
38800 0.008360990411393801
38850 0.0094546675151486
38900 0.009595769688270299
38950 0.007279782149652455
39000 0.007302206313466037
39050 0.010067570427922957
39100 0.008992704077831636
39150 0.01315760771249604
39200 0.01172061299663028
39250 0.006921825763210151
39300 0.008634057366462642
39350 0.007379856010207647
39400 0.007619188684365371
39450 0.015424008160807736
39500 0.016895921935194392
39550 0.0075801411791604845
39600 0.0073961147845279015
39650 0.007942590087654015
39700 0.007994897318700303
39750 0.00932172591773169
39800 0.007770181054324621
39850 0.014028209367959423
39900 0.019305395946269552
39950 0.017741133807424106
40000 0.012437910282445527
40050 0.008930727457097491
40100 0.008064566382067902
40150 0.007592952780010594
40200 0.007420950639364361
40250 0.007663049877081833
40300 0.00911544807580471
40350 0.007519148021330623
40400 0.008661055697132896
40450 0.009417801861964024
40500 0.008324297955714504
40550 0.007510403502086177
40600 0.00786027323658509
40650 0.008148432760759296
40700 0.007779825245219212
40750 0.007798719067559856
40800 0.007472364866191061
40850 0.007888042063705506
40900 0.009450063301759046
40950 0.008665389868199338
41000 0.007302816413351017
41050 0.007924806476448372
41100 0.014384596353956598
41150 0.00959809161511912
41200 0.0075876188060179485
41250 0.00848655366330534
41300 0.008252015598673598
41350 0.016855752582708328
41400 0.016208234780980674
41450 0.012870068177862761
41500 0.014358739398509335
41550 0.01460579274591245
41600 0.010704022011926991
41650 0.007305611344531843
41700 0.007470372282381256
41750 0.008305273127179224
41800 0.007886045175697428
41850 0.007723641061250465
41900 0.009241044925419294
41950 0.009346203861713545
42000 0.008619354765986369
42050 0.007610445474789635
42100 0.00759580738804576
42150 0.008162392918442377
42200 0.012967023648660215
42250 0.01369870281129743
42300 0.02071327344625336
42350 0.013526893313150804
42400 0.009149056327622362
42450 0.00776888589462035
42500 0.008510821081469454
42550 0.008835813719483773
42600 0.01216205722750543
42650 0.008952953335225125
42700 0.008302655986071822
42750 0.008788171527814187
42800 0.007429036925461193
42850 0.007714902184615975
42900 0.010833936638302056
42950 0.012785456349075708
43000 0.012450145184051558
43050 0.010226565033970752
43100 0.007914331676489385
43150 0.007921968536674553
43200 0.007937690788385262
43250 0.007617355464074381
43300 0.0077025071675831105
43350 0.008123895176913374
43400 0.008187125615571712
43450 0.00878875374983523
43500 0.00828170641787134
43550 0.010747128056681574
43600 0.007013912161107034
43650 0.009391540646087874
43700 0.010455281291043804
43750 0.010791998466275581
43800 0.011024215376718782
43850 0.00821635509884659
43900 0.007648351794410757
43950 0.007543068563350701
44000 0.008013479783890222
44050 0.007928967299884244
44100 0.012403973738147462
44150 0.014498778337303496
44200 0.012609171034535982
44250 0.009845663217404765
44300 0.007045113632336723
44350 0.007445910264990253
44400 0.008155879632264088
44450 0.008339217988576487
44500 0.006971004192503284
44550 0.009131906776842032
44600 0.012404353874270434
44650 0.007723478088808032
44700 0.007818234042741698
44750 0.007430232936676747
44800 0.009712773681403344
44850 0.008563945706552636
44900 0.007979241825387102
44950 0.007122986939354266
45000 0.0071425398611327726
45050 0.007292387433970566
45100 0.0070913856281209055
45150 0.006976967599781563
45200 0.007109282873008242
45250 0.00723981317859108
45300 0.007524499723802553
45350 0.00722815985476116
45400 0.007066850835386384
45450 0.0075167843604014494
45500 0.0070026276510089126
45550 0.007488906915171301
45600 0.006877091717804794
45650 0.006865200122729593
45700 0.007150849135013402
45750 0.008664675304616096
45800 0.007073821733983958
45850 0.009722402377346737
45900 0.009941955877717781
45950 0.008422174382870759
46000 0.0073822539736313935
46050 0.008294936799323043
46100 0.008972974087253593
46150 0.007300078409181211
46200 0.007975303928084088
46250 0.010277984235094417
46300 0.009644927273432071
46350 0.008560925851085286
46400 0.007737171518364298
46450 0.009275554746134888
46500 0.011059113043586451
46550 0.01095405867873734
46600 0.011168807652228612
46650 0.009111510874220715
46700 0.008044960963696144
46750 0.009014004497479397
46800 0.007332541612345723
46850 0.008767119773340304
46900 0.00794027961214751
46950 0.0076222179010898795
47000 0.007627268729626451
47050 0.008369843769910058
47100 0.008982562251821868
47150 0.008248322981012678
47200 0.007056524902171439
47250 0.007722535930187623
47300 0.008745564200998087
47350 0.009088380982202816
47400 0.010471974682562581
47450 0.009625426221211939
47500 0.009340528057471613
47550 0.009322458975268559
47600 0.00821463863766121
47650 0.013088970189322865
47700 0.013155040359647588
47750 0.012826160815345898
47800 0.011064809470600628
47850 0.0073671173489703754
47900 0.007271669454392994
47950 0.008327074984272294
48000 0.009466752846060345
48050 0.007428243290550698
48100 0.007861616515500516
48150 0.0071470412280810235
48200 0.007523562529861732
48250 0.00768724727927999
48300 0.007993391554393508
48350 0.0087071024468585
48400 0.007259456976629328
48450 0.00745214701905506
48500 0.00853488927725338
48550 0.012058552158012594
48600 0.01202291944955542
48650 0.010544789331558493
48700 0.010463704212302605
48750 0.008565253676220035
48800 0.00855753983492602
48850 0.010039743319307206
48900 0.008676676951129942
48950 0.007833327894521881
49000 0.0069741831714857615
49050 0.006959801062637971
49100 0.006676823743499682
49150 0.006984830931227065
49200 0.008188127426649722
49250 0.007902807903819448
49300 0.00810149348388163
49350 0.0074827789702418615
49400 0.007060160620083797
49450 0.010292001086809237
49500 0.008882685759577097
49550 0.010003545651813968
49600 0.008590158064149844
49650 0.0074943543656895125
49700 0.007037473543529698
49750 0.007239244759421638
49800 0.00768738611685694
49850 0.007036787566728142
49900 0.007229636612340079
49950 0.006601576702025638
50000 0.006849447971745355
