50 0.9806703831952469
100 0.9955525808848896
150 0.9944415355147019
200 0.994451702065317
250 0.9943409465478877
300 0.9943582182610585
350 0.99387528819907
400 0.9936839904586829
450 0.9933343307870988
500 0.993297360214599
550 0.992787731184964
600 0.9921341068866489
650 0.9914818157789848
700 0.9904141324057092
750 0.988948284974234
800 0.9865099842552606
850 0.9825278330124297
900 0.9759057409536078
950 0.9638854983362773
1000 0.9388983132704103
1050 0.8736978319562195
1100 0.7306315401846766
1150 0.6515994781571214
1200 0.5309282082966931
1250 0.45069581647508117
1300 0.29257216723549706
1350 0.42165121694170254
1400 0.2091433536508613
1450 0.3313815778151882
1500 0.2079933138763564
1550 0.124197681355419
1600 0.05073966598114658
1650 0.2413868219519949
1700 0.11757157187227084
1750 0.06278964904886644
1800 0.14055979956084236
1850 0.07990644806081793
1900 0.05375468689566003
1950 0.06668748529560847
2000 0.08371798109832003
2050 0.21770985948880697
2100 0.060993124414885434
2150 0.053035783535393594
2200 0.053353902000814975
2250 0.05015745293300625
2300 0.07402235464138743
2350 0.061808209787306716
2400 0.09334047187419127
2450 0.17153168506013505
2500 0.06651576855838622
2550 0.052140634150436606
2600 0.04945670573039653
2650 0.06233535458388464
2700 0.04688020057457338
2750 0.0672110908325667
2800 0.053240901495859985
2850 0.18598139392373447
2900 0.14947460415585737
2950 0.044972416243323314
3000 0.042322906439645556
3050 0.04384423334368724
3100 0.3937065697152894
3150 0.29391276962093327
3200 0.04768868757755033
3250 0.04230541158271918
3300 0.049120693764347766
3350 0.04262268557856056
3400 0.040677533959360614
3450 0.04042156674043682
3500 0.06602996722922778
3550 0.04608824644268224
3600 0.04183545653979369
3650 0.21085993688620028
3700 0.04304321078644511
3750 0.048429522294835006
3800 0.039626615082272804
3850 0.20939533274873132
3900 0.044691393659549564
3950 0.04252871331242873
4000 0.14160466992011295
4050 0.049046566284878655
4100 0.04167155641675701
4150 0.047533081821888146
4200 0.057947897847004166
4250 0.10442887775506332
4300 0.10805747260519197
4350 0.041618829687054465
4400 0.03797282516085082
4450 0.04066955811665242
4500 0.12098074886241304
4550 0.05116920239597137
4600 0.037056864639264615
4650 0.12783435716616368
4700 0.044287524199267216
4750 0.04029527759650851
4800 0.1682067290176186
4850 0.037887207967553634
4900 0.041134331073672606
4950 0.037591840435326804
5000 0.049291736127217364
5050 0.03675727090842717
5100 0.048368946705047176
5150 0.04147462282550281
5200 0.039593285678566806
5250 0.04302315147763954
5300 0.034314765084728374
5350 0.03427545501186705
5400 0.04213869887736518
5450 0.03881816251051324
5500 0.037004847226174205
5550 0.041016980060313395
5600 0.056100421126856634
5650 0.037822745592346246
5700 0.044561209396058704
5750 0.05165013972580712
5800 0.045352048626678146
5850 0.036013089077504445
5900 0.0357052517528801
5950 0.03531166339985021
6000 0.06926375399522314
6050 0.037375797967744324
6100 0.03544665587828692
6150 0.03505190078844826
6200 0.03631638439755764
6250 0.03468026110328156
6300 0.06704522055634317
6350 0.03137091770930339
6400 0.041998776665145204
6450 0.05426286767726113
6500 0.0422099349167854
6550 0.03624159890018758
6600 0.08584393849978852
6650 0.03307234372808771
6700 0.03385622167071847
6750 0.030743405349835665
6800 0.03179234105965825
6850 0.030684363323235198
6900 0.0472887163011582
6950 0.03607251138539286
7000 0.05661571489419205
7050 0.045191354403481855
7100 0.030182664038737463
7150 0.03895662369447874
7200 0.033969351637227106
7250 0.11555953072796833
7300 0.030493505860614563
7350 0.0299478861364701
7400 0.03368660383105006
7450 0.038172376831658306
7500 0.04696117612073489
7550 0.05767952161903777
7600 0.034122803914014524
7650 0.03314952430917235
7700 0.03146498601362773
7750 0.04291836242833615
7800 0.03750797185560009
7850 0.02891829545952548
7900 0.03439439451068029
7950 0.034047298007101476
8000 0.02755276721441519
8050 0.03226517306146318
8100 0.043238132888226755
8150 0.1403324654615802
8200 0.030796929818960487
8250 0.03205206648439421
8300 0.030038259039362393
8350 0.04134113005951184
8400 0.030832465874734545
8450 0.0351903249626325
8500 0.1364650308754394
8550 0.03076012154984192
8600 0.03430457786016852
8650 0.02835262458239193
8700 0.036421441384793814
8750 0.05104896786659631
8800 0.030170173552051604
8850 0.03090542685380952
8900 0.046793389787782316
8950 0.030993992221642855
9000 0.06061727351085333
9050 0.02998850798776462
9100 0.03350246170747641
9150 0.029444210534831403
9200 0.07545208798599097
9250 0.03380843270825404
9300 0.027084230412546217
9350 0.03469597942554938
9400 0.027310144113235627
9450 0.10152256837257169
9500 0.02902095593984717
9550 0.027290085949639588
9600 0.05378008339822833
9650 0.02651415902143124
9700 0.026975476839253904
9750 0.038700210190683856
9800 0.03257017325709199
9850 0.18100264361884294
9900 0.028262406002074643
9950 0.026339773614015585
10000 0.036182785579400224
10050 0.034085967751175346
10100 0.027883315910104376
10150 0.026265120731474675
10200 0.027435849520915927
10250 0.026032146702935813
10300 0.025392863192815383
10350 0.03712435631544903
10400 0.03410356536124907
10450 0.033091190388823924
10500 0.035408078188618054
10550 0.036633045429636676
10600 0.03790678404561379
10650 0.02664299393861204
10700 0.02744924962974469
10750 0.024740212372381578
10800 0.03564935260425611
10850 0.035221851796557783
10900 0.024529798431672033
10950 0.025052630810825562
11000 0.023908069419828662
11050 0.027737611471435514
11100 0.024048072993421384
11150 0.04166989796609672
11200 0.028627029144574302
11250 0.03025118926264162
11300 0.024474170970364018
11350 0.030333035310668315
11400 0.02303445717049657
11450 0.02807105982814491
11500 0.02370586809173471
11550 0.023295747481265682
11600 0.042853406635997245
11650 0.023870401309895792
11700 0.023673644034310402
11750 0.02239555977938395
11800 0.02772602874053613
11850 0.02730463922695069
11900 0.02270650238406165
11950 0.028996048262433825
12000 0.024120583489436603
12050 0.02239262084480137
12100 0.03170241066209286
12150 0.041479773974414845
12200 0.02516406093330762
12250 0.025671647804047078
12300 0.022382082447935884
12350 0.024621837203370692
12400 0.021333228952235744
12450 0.022266508339339363
12500 0.02517038327081818
12550 0.021207916021328557
12600 0.034505646963648884
12650 0.023971604224474558
12700 0.042877235459839264
12750 0.021886326175792194
12800 0.023644688014132116
12850 0.028941630452734186
12900 0.02037565786097073
12950 0.03517112971399808
13000 0.03586806739763631
13050 0.038286178928025986
13100 0.02153237319548901
13150 0.037101525268589314
13200 0.02716051666372526
13250 0.04178326373096866
13300 0.022257386348989185
13350 0.027251683809799566
13400 0.04160673884098976
13450 0.029064505335070226
13500 0.022481290903329443
13550 0.025670040344352822
13600 0.027332947266247482
13650 0.026102922884104596
13700 0.020692177040934807
13750 0.02077941698616613
13800 0.021056798093391053
13850 0.021073290692438303
13900 0.020591701518523926
13950 0.02004442010983864
14000 0.03812158465537824
14050 0.02057258322747495
14100 0.032025252870082455
14150 0.029375342904200134
14200 0.0363841068982872
14250 0.029298682807170552
14300 0.020658454720868948
14350 0.020323161739419508
14400 0.0211829138109287
14450 0.023160747666973784
14500 0.024680097801910075
14550 0.03121440509676766
14600 0.02202688370647885
14650 0.025566155583501022
14700 0.02070430776382662
14750 0.029688447171962336
14800 0.020100319077178876
14850 0.03232285771698267
14900 0.022844389595504153
14950 0.028530794158227245
15000 0.020642853294903937
15050 0.02477359685036011
15100 0.030166927872033098
15150 0.022225251777333265
15200 0.022943286651327097
15250 0.01970004848077979
15300 0.023703935144085392
15350 0.022829046845495977
15400 0.020454086890002242
15450 0.020472058913566522
15500 0.026531849342622597
15550 0.021403116253585302
15600 0.019292084252601812
15650 0.019004962608031688
15700 0.01765179401617129
15750 0.01943681428422139
15800 0.025756358695326057
15850 0.0184442890665288
15900 0.021492315414148977
15950 0.018574586641601505
16000 0.019933416275775443
16050 0.018750989218787716
16100 0.02089772912114155
16150 0.02035560409132335
16200 0.018139078179995837
16250 0.027353117754560178
16300 0.02153941658985017
16350 0.03403034272973034
16400 0.020469500124267525
16450 0.01983449048245652
16500 0.03298438616342244
16550 0.021191831862502276
16600 0.02466485119011841
16650 0.020089777345183385
16700 0.017587233833173538
16750 0.021884955940943526
16800 0.01811953007564627
16850 0.018961612793082908
16900 0.01791769548476342
16950 0.01913431722959897
17000 0.01784426750234245
17050 0.042739673539688626
17100 0.016889198684939738
17150 0.01925154435223117
17200 0.017007955974062454
17250 0.026374624265203355
17300 0.017318737003404847
17350 0.016656200126537266
17400 0.022292720601945884
17450 0.022386466599552214
17500 0.03658274796967965
17550 0.021523732017840812
17600 0.023027024545150376
17650 0.017873498425469165
17700 0.018536516137393703
17750 0.019260229247502956
17800 0.017692286306029082
17850 0.024062168806678424
17900 0.024106858890428864
17950 0.017816724241312303
18000 0.019571524913635806
18050 0.020091785940513338
18100 0.018282909070979823
18150 0.01586680851025703
18200 0.03231974291349949
18250 0.023436199237564008
18300 0.01627470965645211
18350 0.01682289237970892
18400 0.01612943889833764
18450 0.017097622624225955
18500 0.031105379159010144
18550 0.015821847756383855
18600 0.032063922648224184
18650 0.016059446285642355
18700 0.02996286235553171
18750 0.021931176329430497
18800 0.02188588678100785
18850 0.01967683787614912
18900 0.022751386525249856
18950 0.01583948083635315
19000 0.016783352876871906
19050 0.02218805282488586
19100 0.017318582823813603
19150 0.03083730308707455
19200 0.014825532210992325
19250 0.01687760796641755
19300 0.017178581456567827
19350 0.02959892973820345
19400 0.014646599285347934
19450 0.014549250677063152
19500 0.015564730797945623
19550 0.014824426759864657
19600 0.0196903687745686
19650 0.021092835590531978
19700 0.014714046396640253
19750 0.016046874050886315
19800 0.022845402225204987
19850 0.02600602258376333
19900 0.018283670200951497
19950 0.014009599104650695
20000 0.018512770407458995
20050 0.02987450867958374
20100 0.01842078831281937
20150 0.01898972344878814
20200 0.014957008203687927
20250 0.023871000537846392
20300 0.015291784019755708
20350 0.020212705040435947
20400 0.013810455491715085
20450 0.014204358485052257
20500 0.023996743578149918
20550 0.013793529165812984
20600 0.014335528763829725
20650 0.013470516812153817
20700 0.018158221861280046
20750 0.013964365909219748
20800 0.017806182906286175
20850 0.0169118752373735
20900 0.03376554002841445
20950 0.014046047797635717
21000 0.015116300553238841
21050 0.01906511517961711
21100 0.013713184677148325
21150 0.02280978392362975
21200 0.029435776739626496
21250 0.022563030239076843
21300 0.019143560805950293
21350 0.01317715863521543
21400 0.02238772572582053
21450 0.013834761819898537
21500 0.012841770799320784
21550 0.01662919777378373
21600 0.02529530168655838
21650 0.026175703271051582
21700 0.015549842237779115
21750 0.015529567672998951
21800 0.019845652006426646
21850 0.02923670245062319
21900 0.04562142812608753
21950 0.013303128220803285
22000 0.027419550257001473
22050 0.02179583060564829
22100 0.016587645431681237
22150 0.019015143699893666
22200 0.01530871443236146
22250 0.02456699541471922
22300 0.03232106713708992
22350 0.020236976927628787
22400 0.02354420593514326
22450 0.029662550311608138
22500 0.01659305511403474
22550 0.022124695489797553
22600 0.017239281288210784
22650 0.02234493473505721
22700 0.012645533159888712
22750 0.017910814987388383
22800 0.022058008604135246
22850 0.013498676138231193
22900 0.031469536203047266
22950 0.02675681450276786
23000 0.012456936356770363
23050 0.027963282169682597
23100 0.012697925315644731
23150 0.01627807363608082
23200 0.011887407916293934
23250 0.013178347424659004
23300 0.018104563054288064
23350 0.02234691275873376
23400 0.01366319235871828
23450 0.012539746720859465
23500 0.013044366045129596
23550 0.01241253450848419
23600 0.03797468540070898
23650 0.014238668160225681
23700 0.015890639381025536
23750 0.01778540339264499
23800 0.017739516244779867
23850 0.013713172097098087
23900 0.015017594677895131
23950 0.016250301076151604
24000 0.025643000883223247
24050 0.013769373435981735
24100 0.014089446020817228
24150 0.01407448590050759
24200 0.013891811799575701
24250 0.012442982588416529
24300 0.021506108857213227
24350 0.012476937750979704
24400 0.01265274261630252
24450 0.030471462014316747
24500 0.021167275779725065
24550 0.02516360341686192
24600 0.021968353615457445
24650 0.013171657173056447
24700 0.028933280820623724
24750 0.01250124253977526
24800 0.01656426729012498
24850 0.012860467721051675
24900 0.01514423481659865
24950 0.022716134601959086
25000 0.011659990905973203
25050 0.019385842572496467
25100 0.014189312059947098
25150 0.01258280351625265
25200 0.023374131293657542
25250 0.016268040864468043
25300 0.01891767705930081
25350 0.01501082047969377
25400 0.011097346136507402
25450 0.011013783952000082
25500 0.010255502337335659
25550 0.013882627625803622
25600 0.010903739460784186
25650 0.015634614622610565
25700 0.01115137326735822
25750 0.01032102274309982
25800 0.010477911953210819
25850 0.01265072769357471
25900 0.011064832383679946
25950 0.011154802392241253
26000 0.013105860661804317
26050 0.011049153473806689
26100 0.014395881809365052
26150 0.02109179377876453
26200 0.010647759676011306
26250 0.01977600688989588
26300 0.011888577703606282
26350 0.01271042317299078
26400 0.0241659814961101
26450 0.017622533222855258
26500 0.016707177616380547
26550 0.022902470459571445
26600 0.02320834650206114
26650 0.01040416013718087
26700 0.01785704864143451
26750 0.011335370467997815
26800 0.01812409611531538
26850 0.010137108422682789
26900 0.014175405677535552
26950 0.01807381754601899
27000 0.012482713432341289
27050 0.019242392755755896
27100 0.01968716320230066
27150 0.017100427087283387
27200 0.011478384314345424
27250 0.024757446012587378
27300 0.009769055613487334
27350 0.009365824094096625
27400 0.021322733825752872
27450 0.01188181184380897
27500 0.009918566467177726
27550 0.020853114678097046
27600 0.016933203772788227
27650 0.009514635806531493
27700 0.01306535248679222
27750 0.020667528711423078
27800 0.01213276093812539
27850 0.022598456961469383
27900 0.01652441884181765
27950 0.010277781759677137
28000 0.012723687564070175
28050 0.01820690160196818
28100 0.01037245703698312
28150 0.010462345371697723
28200 0.009402697124525924
28250 0.01091537731744344
28300 0.012227883405221145
28350 0.014708492474894056
28400 0.01039263521766804
28450 0.010280486731620879
28500 0.009958868906718593
28550 0.009938553427752045
28600 0.00904813433299384
28650 0.011355231111435491
28700 0.010982901643739431
28750 0.020413354384918984
28800 0.024411849066243087
28850 0.02475000778355855
28900 0.012336293229321605
28950 0.014458313051125672
29000 0.010296284543437447
29050 0.00874305675792884
29100 0.015515520559805663
29150 0.014102899565450211
29200 0.014360618010450497
29250 0.026436518139026186
29300 0.01530683261642609
29350 0.026113082653758724
29400 0.009510263917073502
29450 0.024715187658698644
29500 0.012319500433056671
29550 0.009488832157059129
29600 0.009623332240766032
29650 0.013192025725968884
29700 0.00907631758938179
29750 0.008724214679407321
29800 0.009300124028167375
29850 0.011667944172880902
29900 0.008240566138481
29950 0.029147073100214534
30000 0.015814037140029834
30050 0.017609107653578482
30100 0.026859842975142115
30150 0.015676308609328973
30200 0.011301355057686997
30250 0.01598752880381587
30300 0.016169421851128546
30350 0.00818469985938531
30400 0.009235139149615842
30450 0.008603129435419481
30500 0.01780485177084443
30550 0.010438612653465783
30600 0.0175445648080748
30650 0.01238466378060423
30700 0.008183265480762458
30750 0.013418225228610582
30800 0.012528253468668845
30850 0.010632018950573146
30900 0.009644726923765274
30950 0.013786951734420714
31000 0.01282318807030039
31050 0.022967955158540963
31100 0.007807535653380179
31150 0.008022744940626797
31200 0.009428313571560702
31250 0.007973433468528909
31300 0.02977386818881669
31350 0.016596886439992315
31400 0.009164675173482153
31450 0.014761048866115957
31500 0.009251690577991538
31550 0.010026867652990133
31600 0.016590702767935193
31650 0.011439694842605269
31700 0.023924078792735125
31750 0.010997740800345063
31800 0.00960133428320051
31850 0.009342266833384716
31900 0.010561027782880705
31950 0.013502714540924504
32000 0.016868345270516283
32050 0.008432078980468022
32100 0.016130606040813483
32150 0.01883322658260303
32200 0.015217369162389728
32250 0.008392429357415162
32300 0.00947924714998137
32350 0.018309737471431633
32400 0.01844715669141603
32450 0.01191002822742429
32500 0.018678933107805468
32550 0.014655440283502196
32600 0.010156933808803578
32650 0.009380523360843671
32700 0.009592042693696455
32750 0.019818027616012934
32800 0.029391980366289927
32850 0.01695836535032428
32900 0.009232468839708807
32950 0.010469205677982917
33000 0.020727073955504265
33050 0.014233303918849322
33100 0.00915625380036482
33150 0.009508386469314312
33200 0.03478374573904224
33250 0.012500362556919822
33300 0.026151000425165716
33350 0.018248745936653692
33400 0.01214401301225223
33450 0.0219231370808101
33500 0.013838604633371164
33550 0.009268889912379953
33600 0.010132500900878433
33650 0.027147457411919994
33700 0.008827741806059124
33750 0.033138340734929196
33800 0.01612855248684637
33850 0.008541203909000953
33900 0.00808916581277623
33950 0.013075777312554665
34000 0.012206776020185441
34050 0.009343907567243563
34100 0.023308123479353036
34150 0.03330158469838875
34200 0.009273634369663298
34250 0.011578091763872547
34300 0.01250768263036542
34350 0.01735260413768824
34400 0.015728271488929205
34450 0.008295346114828421
34500 0.009351713018680463
34550 0.019781962742356926
34600 0.008488536028787004
34650 0.029756674261254383
34700 0.026054166169227858
34750 0.009587137828377567
34800 0.011540505539992089
34850 0.011595680913648203
34900 0.009205737717267133
34950 0.017628382014908555
35000 0.011807172932884065
35050 0.008986289262378884
35100 0.008703072068615394
35150 0.010040363589326229
35200 0.008503043539099074
35250 0.009851753040747046
35300 0.008754241837275622
35350 0.01043878809608647
35400 0.010159002450195366
35450 0.013924013716938544
35500 0.014880589417232854
35550 0.02356250517565496
35600 0.010296848851386988
35650 0.014117423263766847
35700 0.011828258853891029
35750 0.013769506875812616
35800 0.014503367922339047
35850 0.00914047994455852
35900 0.009405927864306994
35950 0.014574166324074949
36000 0.01356922190213392
36050 0.017046884731754693
36100 0.010974787146358885
36150 0.0189113700451493
36200 0.01876247767835083
36250 0.01711707714688081
36300 0.009545036778749953
36350 0.008828898485102188
36400 0.02437597541209575
36450 0.02165515117863807
36500 0.01073109441312461
36550 0.00996060721553844
36600 0.010276378013469391
36650 0.00848051721154915
36700 0.014117227027747333
36750 0.007902153390435474
36800 0.008454558501311184
36850 0.01533431216920362
36900 0.022675691634830873
36950 0.009041393444418218
37000 0.018261642880776245
37050 0.02399108527609788
37100 0.007634956930371508
37150 0.01505435630508772
37200 0.008242008260056489
37250 0.007625171442657047
37300 0.018249182636906367
37350 0.007349137260917449
37400 0.007789155658655198
37450 0.007774171030919509
37500 0.007487780070867916
37550 0.006885112918587835
37600 0.007306892891633094
37650 0.007479203411628443
37700 0.010355823935264819
37750 0.016220697711863828
37800 0.007035948295342761
37850 0.007630958555201282
37900 0.011424157103381738
37950 0.012037231508452907
38000 0.007617845690677886
38050 0.013496002933947092
38100 0.007660077777917313
38150 0.007148802272261551
38200 0.010403094547551011
38250 0.011176030458864263
38300 0.007343016789829957
38350 0.016368541280093525
38400 0.027162753265441045
38450 0.02508994490514815
38500 0.015361283076709776
38550 0.014645874279467777
38600 0.010737556151085278
38650 0.007181685449069856
38700 0.008126570083055725
38750 0.01732032519910234
38800 0.02262906094848857
38850 0.007057085299785602
38900 0.01682093340564328
38950 0.014775561482331558
39000 0.008522036703382764
39050 0.008235037793421206
39100 0.006957674580834846
39150 0.00873221314422605
39200 0.007815067577915873
39250 0.010402665813672461
39300 0.012551121662175278
39350 0.0076831136760708366
39400 0.01298253615395535
39450 0.011779905767573639
39500 0.013540832546142634
39550 0.01659260474896628
39600 0.019249682507585974
39650 0.012805105156320652
39700 0.006495518204943125
39750 0.022984237043611064
39800 0.023527495251486195
39850 0.019058201813817194
39900 0.008734712687720421
39950 0.01008694684974022
40000 0.013305801119373477
40050 0.00725598640351719
40100 0.007626338290583474
40150 0.0071483379352306545
40200 0.009693733736012611
40250 0.020156534683968844
40300 0.016049260197499624
40350 0.008850619523554927
40400 0.011971290643658821
40450 0.011589240022558782
40500 0.00914944081320063
40550 0.010046320152856485
40600 0.010646255336983972
40650 0.0076124475514579605
40700 0.007236512859652215
40750 0.007373978479760793
40800 0.012750634231007026
40850 0.008009861683728612
40900 0.006833452666388676
40950 0.008057093343666394
41000 0.012180987923107817
41050 0.010543074065071392
41100 0.011401661100094329
41150 0.0179445624770171
41200 0.015350570830177622
41250 0.012306831779821642
41300 0.00815082189656025
41350 0.010521824612284647
41400 0.01115302818552547
41450 0.011798080583939429
41500 0.011873509581841536
41550 0.011646355168933845
41600 0.007004844425076702
41650 0.010593275995034337
41700 0.006658826019615185
41750 0.009046013357974326
41800 0.007129934099167977
41850 0.007264593452301854
41900 0.007199802012877653
41950 0.008799090820954926
42000 0.008091098060002513
42050 0.008484336407058578
42100 0.012229100730469596
42150 0.00689292586788272
42200 0.012640408479603354
42250 0.007232544718234506
42300 0.007262928659563616
42350 0.0068018963968418476
42400 0.01180889147633814
42450 0.008815173050963849
42500 0.006824183257623626
42550 0.0065573764260230686
42600 0.0068861356682647454
42650 0.010659290440644497
42700 0.006907378475030324
42750 0.00742620824218096
42800 0.007138676718553964
42850 0.009485772096229174
42900 0.0070208173879572405
42950 0.011813494454541804
43000 0.008446328304158788
43050 0.012682287404332991
43100 0.006978528990311923
43150 0.006468462958007485
43200 0.01076254989092367
43250 0.01226633822894467
43300 0.010638281669212261
43350 0.006743340057089818
43400 0.008039120728014196
43450 0.008259716864399008
43500 0.007321540415142636
43550 0.013072820907663712
43600 0.010446151111296171
43650 0.008926918475419366
43700 0.006120513167466083
43750 0.009839681068049996
43800 0.007909838224951397
43850 0.00881951634432897
43900 0.007368975041375278
43950 0.006766191250419946
44000 0.006291503611060402
44050 0.007155359710235173
44100 0.007136533883463228
44150 0.008543736066014529
44200 0.006153516135286598
44250 0.0064908263638433425
44300 0.006621863885227188
44350 0.00617579156809093
44400 0.006718127460146156
44450 0.006820870924933916
44500 0.00635564422713047
44550 0.0065355105377206
44600 0.006465890185435216
44650 0.009489817155819433
44700 0.006710437866204405
44750 0.021365976901067566
44800 0.00983752260214189
44850 0.0070016860356940346
44900 0.015253119019826213
44950 0.007989769189003664
45000 0.006492650856665404
45050 0.008281596746378768
45100 0.007803118984224163
45150 0.008808577828744649
45200 0.007864734678280612
45250 0.007027543919917194
45300 0.006757736761727774
45350 0.006291196325395039
45400 0.006807577714476588
45450 0.007192153209411211
45500 0.0075367542243758
45550 0.010394526610739927
45600 0.011551649074589792
45650 0.01799807374805458
45700 0.016326261448034986
45750 0.017588967447016733
45800 0.015282293236600561
45850 0.009641515401365222
45900 0.008961570147284997
45950 0.006383285987287964
46000 0.007074384046066238
46050 0.006525117189435724
46100 0.008778332889029034
46150 0.007626519913389397
46200 0.007197029247232731
46250 0.009383196032927341
46300 0.008853340909538257
46350 0.00686712482414765
46400 0.006680666584002381
46450 0.012470136056856835
46500 0.015896554009510403
46550 0.0068292257844297264
46600 0.006842849525122867
46650 0.007065923045932443
46700 0.008857850988425247
46750 0.007942754940243702
46800 0.006627952785941313
46850 0.008554271580150779
46900 0.011579917140737628
46950 0.009156180551498281
47000 0.010086089468626585
47050 0.006758523732333028
47100 0.007290097897825058
47150 0.006554941962812059
47200 0.006923741855170449
47250 0.006464912610924389
47300 0.006635493262106215
47350 0.007479069232168402
47400 0.0065120635541759475
47450 0.006443923467574777
47500 0.006641912224573457
47550 0.006754895500605464
47600 0.007320092108771403
47650 0.008169532985516707
47700 0.009743876400920393
47750 0.007159139316810737
47800 0.00830768142983335
47850 0.009330019473037549
47900 0.011940015286825652
47950 0.007383049150910487
48000 0.007519686032086297
48050 0.008018422700658185
48100 0.00851416417466071
48150 0.006936117186770581
48200 0.006921005212621855
48250 0.008148340135100074
48300 0.007775787987877769
48350 0.007567341180995792
48400 0.008601783081911528
48450 0.0136836920408745
48500 0.013540075291212622
48550 0.01626026689879683
48600 0.012254458704162755
48650 0.009765782465813517
48700 0.012013111539290813
48750 0.008359559034810496
48800 0.008305211569973497
48850 0.008565792635894354
48900 0.007454684074928101
48950 0.007286191138682918
49000 0.006930838924698067
49050 0.006287416929319792
49100 0.0066016752453418185
49150 0.007610383106780415
49200 0.01020592428205146
49250 0.007531653704959802
49300 0.008095073937004307
49350 0.008681376278590973
49400 0.013030252002763818
49450 0.014075540529504074
49500 0.014636219075989738
49550 0.00940944560484915
49600 0.007701600625857869
49650 0.011564005376161157
49700 0.009744297634976836
49750 0.009573683775925141
49800 0.009172419780698663
49850 0.010278608921580435
49900 0.011046973471350566
49950 0.006471060288095846
50000 0.006799053227947233
