50 0.3055876630267088
100 0.2359358941848751
150 0.14018690725124086
200 0.07768371148408991
250 0.024438741460176376
300 0.017708768351004555
350 0.026510833839912307
400 0.015185959740177469
450 0.02345904649490696
500 0.01609969131142415
550 0.04798305928932897
600 0.02663641969624854
650 0.026396289826893213
700 0.017932986924225604
750 0.023176634055094285
800 0.008926552110112422
850 0.010519567358251306
900 0.012365077587850607
950 0.04563062518740463
1000 0.0135085271797849
1050 0.02394215107728055
1100 0.012104556359125968
1150 0.02287422462372075
1200 0.07391388037926784
1250 0.013123566272039344
1300 0.015048140869449776
1350 0.012623054384461926
1400 0.010071151910946225
1450 0.07557783902412142
1500 0.012760562636886165
1550 0.010659146385833944
1600 0.012186864620598092
1650 0.060410131791067016
1700 0.05172864214074573
1750 0.016389630622376087
1800 0.022048571065653003
1850 0.027797924796862557
1900 0.013538467680707007
1950 0.04888006877125679
2000 0.06920039673925667
2050 0.00999389369124014
2100 0.017166888812620473
2150 0.021879638693736433
2200 0.013244085461104818
2250 0.026701853369532347
2300 0.010725205049680069
2350 0.13585531380358445
2400 0.027457169636763
2450 0.018566696593197613
2500 0.017792806586250928
2550 0.017273472849543156
2600 0.018481597054129016
2650 0.01814212288347449
2700 0.0735997683607738
2750 0.020302678258420522
2800 0.010187585133297095
2850 0.049791725980413815
2900 0.05824047225626326
2950 0.014362366880892352
3000 0.013300220070033819
3050 0.017025340081058542
3100 0.023534360086059365
3150 0.018506621857719428
3200 0.019531159753611332
3250 0.19785681864926974
3300 0.026077604255971214
3350 0.021110470136819156
3400 0.01764222204772369
3450 0.0180371902013319
3500 0.0156781040573876
3550 0.01535863448416372
3600 0.05523500495423956
3650 0.014260519265812205
3700 0.012761414069123568
3750 0.09935994658104719
3800 0.0215208512482332
3850 0.02142541115405655
3900 0.042660644621985266
3950 0.06410388145903885
4000 0.02417754150187423
4050 0.02101820526707078
4100 0.015883952017923537
4150 0.02541865037610456
4200 0.015386360007506138
4250 0.012795787791933681
4300 0.12324440904308887
4350 0.02439996094825376
4400 0.017663095195052925
4450 0.01605387022111015
4500 0.01569993011483562
4550 0.015008892841607953
4600 0.026731509401545922
4650 0.015523153369348047
4700 0.05063545639554809
4750 0.029519277272364343
4800 0.015889861888906384
4850 0.020743277586588674
4900 0.012673005224954976
4950 0.16150813289783877
5000 0.032727849866997186
5050 0.016700276275545486
5100 0.017513982360839953
5150 0.024263857664003206
5200 0.022748998494843152
5250 0.017975260079295535
5300 0.01414298741335928
5350 0.016324066422811145
5400 0.016856329924800708
5450 0.013203921705954517
5500 0.02057210499454311
5550 0.015751946469702672
5600 0.01632057360394801
5650 0.01818253106287859
5700 0.01733182751248647
5750 0.025711961274070053
5800 0.01764014388847264
5850 0.024989019928464275
5900 0.019659937939401472
5950 0.03173820273475978
6000 0.013718631751098255
6050 0.03277367840371635
6100 0.013893697515730146
6150 0.02632652577720354
6200 0.020363554549674735
6250 0.013413272070687373
6300 0.02838626956594216
6350 0.012022822373937486
6400 0.011501383876505478
6450 0.02411695396573379
6500 0.021013280504271616
6550 0.014229202300484523
6600 0.022901847756091526
6650 0.013593932213438967
6700 0.020553784903118127
6750 0.021357214302651535
6800 0.012550936571377028
6850 0.010172398352684128
6900 0.03452964820863505
6950 0.026908395337419153
7000 0.022956208506742175
7050 0.010694508625610841
7100 0.012586094869862549
7150 0.0230625469480696
7200 0.05793689181579424
7250 0.021229749410736545
7300 0.01095069868199986
7350 0.01276650826312174
7400 0.038511175683057876
7450 0.011679810941938632
7500 0.01868945624475682
7550 0.013591068174256399
7600 0.01099241474698657
7650 0.013294594427782866
7700 0.011935215162768234
7750 0.01609355998867783
7800 0.023158493088356966
7850 0.016189341267929144
7900 0.020008673584289986
7950 0.012698418528530386
8000 0.021148981076603443
8050 0.02679591048298169
8100 0.01755356590625336
8150 0.05294880874540695
8200 0.028968827434614985
8250 0.010036416374156788
8300 0.033797658973038006
8350 0.011625590981241376
8400 0.02726370722026568
8450 0.02121987704114068
8500 0.019861043341526042
8550 0.023941115170846083
8600 0.013306927845464427
8650 0.03237785218425789
8700 0.07674108746437051
8750 0.01182380675500922
8800 0.010710663771458654
8850 0.008607660963021272
8900 0.021792471238834932
8950 0.01233171173053586
9000 0.024641398661002244
9050 0.018655905967106534
9100 0.020630801418096142
9150 0.017336073345369993
9200 0.04574679770939489
9250 0.01026251457685341
9300 0.0251239509386345
9350 0.022244417682265503
9400 0.025467936005430538
9450 0.018027175334011696
9500 0.033124056815449145
9550 0.012334724618824821
9600 0.038809685978648985
9650 0.05763940717994957
9700 0.009251404485968636
9750 0.009166575091712184
9800 0.03587843426216485
9850 0.030213473025123783
9900 0.009499044181270158
9950 0.018975023592479205
10000 0.018587599349758604
10050 0.02069963091262305
10100 0.01366623880190584
10150 0.01495784020607033
10200 0.014735183426687315
10250 0.01656063159942302
10300 0.027009502900465467
10350 0.013400317670297484
10400 0.018380593352256176
10450 0.01790599605532069
10500 0.024006494015466475
10550 0.01899483788066908
10600 0.011469545797904246
10650 0.025849240408787295
10700 0.01538902324540039
10750 0.01305962900503742
10800 0.009690877163895592
10850 0.01155834858713918
10900 0.01437622000374905
10950 0.019988145978621887
11000 0.010105729210046906
11050 0.03694977557001098
11100 0.009274451763987192
11150 0.014296716463307036
11200 0.01207517047235454
11250 0.014520718544678042
11300 0.032690813261337534
11350 0.01704073852853972
11400 0.008936064182857284
11450 0.037603747482785624
11500 0.014921480520887822
11550 0.007648890082947164
11600 0.014763616009006452
11650 0.015364315740694837
11700 0.013482266440544989
11750 0.025541538411100788
11800 0.01645296614395384
11850 0.024878010601385878
11900 0.012619780032769473
11950 0.006054605427600361
12000 0.01166694448900091
12050 0.021198448545956233
12100 0.033869299859211346
12150 0.00901890297319032
12200 0.010544181292252017
12250 0.015494297761729477
12300 0.007336752588923492
12350 0.03514130828873245
12400 0.015310252995672525
12450 0.02683736319333614
12500 0.021032656726892664
12550 0.008339019884451227
12600 0.012576857884179195
12650 0.021539358306258208
12700 0.022365182267387318
12750 0.010628084736228158
12800 0.02916925779876741
12850 0.009920224379326959
12900 0.02229671670139686
12950 0.02024161617643631
13000 0.008144922700308654
13050 0.03758584223535127
13100 0.011214966911968625
13150 0.013734677505197126
13200 0.016077505083785016
13250 0.0088418130887298
13300 0.02392887838826645
13350 0.0058681981575587835
13400 0.02118416064414426
13450 0.010781774742057491
13500 0.022606142294448576
13550 0.01830565111088271
13600 0.013443093560208055
13650 0.017678628706791676
13700 0.014713499579696615
13750 0.008454306237573414
13800 0.006301458025191459
13850 0.008966048773740019
13900 0.02249548629743827
13950 0.009638202041300052
14000 0.018049683496268443
14050 0.023107678849155537
14100 0.00849528631137816
14150 0.02864498952853529
14200 0.012743729499755028
14250 0.0070214242164905
14300 0.01034096951877976
14350 0.017481155428240212
14400 0.008927977191715338
14450 0.015113553130420558
14500 0.02259162836832907
14550 0.009415431893214239
14600 0.012466349528337058
14650 0.025491839666773836
14700 0.012500956182786776
14750 0.011475250431607584
14800 0.04186855069235298
14850 0.016715232762690817
14900 0.036696011299270435
14950 0.01982982128611898
15000 0.010115989515061064
15050 0.007869105415322456
15100 0.012751109385878576
15150 0.00793432135383439
15200 0.009659907900906265
15250 0.015989620414757367
15300 0.009599362182640955
15350 0.010160770805934529
15400 0.00986406529149942
15450 0.011222675817333319
15500 0.04192509562362334
15550 0.03319039017878295
15600 0.029080992832671102
15650 0.0069722000169512325
15700 0.01610986094929683
15750 0.011570311710565275
15800 0.011309523446239322
15850 0.00904850988283962
15900 0.011366630035364322
15950 0.02174038754276397
16000 0.019461094616669148
16050 0.01232664378362191
16100 0.03018337197314717
16150 0.008387907806929338
16200 0.01370850263110838
16250 0.027159054693276206
16300 0.01204494754036756
16350 0.04523670173170619
16400 0.007994370728272134
16450 0.025812086154693346
16500 0.010165291998545102
16550 0.0265676980882141
16600 0.007863785440007409
16650 0.017175425943881557
16700 0.011543463304312343
16750 0.013525907262177195
16800 0.025357867361663712
16850 0.008861089392671224
16900 0.01270553094316405
16950 0.036646308319196665
17000 0.008894140738472209
17050 0.012559184874944793
17100 0.037620849878515626
17150 0.016377926406139453
17200 0.011118999316561178
17250 0.041883923959364
17300 0.01906094415806116
17350 0.015930626168024667
17400 0.010383418417606233
17450 0.03646047960306371
17500 0.00943179772838677
17550 0.009131632939082002
17600 0.020117860481918076
17650 0.015359449851522712
17700 0.008167520062638205
17750 0.008077378659907212
17800 0.021815363103568904
17850 0.01221674809283441
17900 0.0232808437839587
17950 0.017547494435842855
18000 0.009243818421310364
18050 0.013384327479069192
18100 0.006205395390261515
18150 0.007830901684008417
18200 0.005889166084473927
18250 0.013125423695930248
18300 0.015480685197622055
18350 0.01662045158310575
18400 0.007358483212930602
18450 0.008301811332900587
18500 0.021844866727597407
18550 0.008476953065227852
18600 0.03267618106877828
18650 0.007247644977668436
18700 0.011635813206679132
18750 0.04138013553630537
18800 0.019270807383903663
18850 0.012277614829466058
18900 0.025279728917495806
18950 0.02744038205033272
19000 0.013156010664402364
19050 0.029049315246692017
19100 0.009664116755994689
19150 0.01185362589198639
19200 0.0054302810822862615
19250 0.009610324858625861
19300 0.01859800156906398
19350 0.020958439683498892
19400 0.01992824053862463
19450 0.023903680812599838
19500 0.015411039241033545
19550 0.005855079668480061
19600 0.009688901443973882
19650 0.017579739285555215
19700 0.013435493675278557
19750 0.016389490069345293
19800 0.0072647512339978895
19850 0.012671536425640536
19900 0.0514794369065623
19950 0.03860247595145217
20000 0.01926515632352646
20050 0.022517658170802875
20100 0.013831671406542161
20150 0.013617195092626534
20200 0.016676551398197157
20250 0.013440353135948775
20300 0.03622362304708537
20350 0.010642563204840735
20400 0.0052178556071796845
20450 0.008838496918164743
20500 0.008131948390614582
20550 0.010412912598025187
20600 0.012285543644433477
20650 0.03355027955348212
20700 0.007718179135136038
20750 0.019903884303283808
20800 0.006808546277929278
20850 0.011426252174631212
20900 0.03991117166704919
20950 0.009992710593335124
21000 0.021912888467272303
21050 0.012573437762630087
21100 0.014986424693402802
21150 0.006367543622168187
21200 0.01271600991978373
21250 0.017171323050070148
21300 0.006905471823050699
21350 0.01285518079799915
21400 0.007152193487891978
21450 0.00794353950666499
21500 0.005933404583854511
21550 0.017710511914523233
21600 0.03427834824413776
21650 0.015885371660287587
21700 0.01728693835909987
21750 0.028785750846322518
21800 0.020489014574786045
21850 0.009151883083876884
21900 0.010576138108757224
21950 0.032067593651217564
22000 0.012865542615685795
22050 0.010425678759403688
22100 0.017657250504283344
22150 0.01745061878153361
22200 0.017476172522571495
22250 0.013826823337684356
22300 0.005604025385064842
22350 0.030681881762762056
22400 0.01739652299471423
22450 0.01593283376845959
22500 0.013178866989460844
22550 0.011815935922902704
22600 0.035916870157804405
22650 0.02869975371569158
22700 0.006709207281154206
22750 0.020284237784286455
22800 0.01375906624158502
22850 0.012082406176872455
22900 0.015154215926960606
22950 0.024816812873205713
23000 0.04005757143057006
23050 0.03161242183653868
23100 0.031495039763646517
23150 0.019230968166952158
23200 0.009719578436099987
23250 0.021275475431654926
23300 0.005269573009990402
23350 0.014211945600487132
23400 0.013292899273317007
23450 0.02202473468740796
23500 0.015804962561796396
23550 0.008395562422024834
23600 0.007138529009953976
23650 0.007324208881618485
23700 0.019139480510235972
23750 0.011542648664566184
23800 0.026267395299121706
23850 0.007926759402510874
23900 0.02309489908546626
23950 0.04189360070766271
24000 0.020989223148265384
24050 0.01321754840434942
24100 0.02486554252498903
24150 0.014218555256769011
24200 0.028950922555664553
24250 0.0076833217350447385
24300 0.033200562788013435
24350 0.01656254664018304
24400 0.01486451309442094
24450 0.010167074855937028
24500 0.012288204598344385
24550 0.018931080932450495
24600 0.011833682122816653
24650 0.023082208546296248
24700 0.01036550480048369
24750 0.021815863948911444
24800 0.023084682458483132
24850 0.024675678110780662
24900 0.00968135087405506
24950 0.017056049309005356
25000 0.010736585077856348
25050 0.014760691039232996
25100 0.014554028263331
25150 0.003964083351545653
25200 0.011710270926373445
25250 0.018583992463179492
25300 0.00555378797754224
25350 0.007881514434815192
25400 0.021740587948295084
25450 0.006487498204994361
25500 0.008652057563458044
25550 0.029660623317591388
25600 0.01196892922626915
25650 0.004890323181567115
25700 0.011817549907998697
25750 0.015156870481326632
25800 0.013849544933624705
25850 0.008989247551596415
25900 0.00944573071899867
25950 0.010059396481012742
26000 0.015579036793901234
26050 0.007116184866144245
26100 0.0125240486547134
26150 0.019252222116176974
26200 0.028407602527428265
26250 0.005779297290586845
26300 0.04914559292354413
26350 0.009842013108731172
26400 0.015865279760908235
26450 0.009882520779443552
26500 0.01170698508589855
26550 0.01801277515812284
26600 0.016042415418914137
26650 0.007087647963886734
26700 0.007730822905260085
26750 0.007651188017279765
26800 0.011489495430519752
26850 0.008406047526207529
26900 0.005081880721896769
26950 0.008810348866169892
27000 0.0088218289462262
27050 0.0064580510369148
27100 0.012776874106719623
27150 0.006550184987281725
27200 0.00938783660758304
27250 0.00820803107207623
27300 0.008688343770555074
27350 0.012911100583616176
27400 0.00942394404061327
27450 0.007134296151062449
27500 0.004296248334798164
27550 0.003990007233150715
27600 0.011537612871410719
27650 0.015838951818042735
27700 0.011563535850479967
27750 0.023855896914312735
27800 0.013074723732341018
27850 0.013678764202996112
27900 0.027141432316819435
27950 0.0037616310751166335
28000 0.004565758385994673
28050 0.011703753239918919
28100 0.00458739997310739
28150 0.008049872688677458
28200 0.01573459995472878
28250 0.004875931197758594
28300 0.013996522634683834
28350 0.009550752337149332
28400 0.02996505614548471
28450 0.004519521811751517
28500 0.007283944321345439
28550 0.009977702767289962
28600 0.009656885136216433
28650 0.027414531681033614
28700 0.016139812081585415
28750 0.004635076979490204
28800 0.007164060002712495
28850 0.006371038819872162
28900 0.007822076039546677
28950 0.007141385653864918
29000 0.007908871161687139
29050 0.02019919160854524
29100 0.017842450887704888
29150 0.01478490051843085
29200 0.008313148508845165
29250 0.02149347165380152
29300 0.021959517203752787
29350 0.02208561378902454
29400 0.007031106516623387
29450 0.004105094722149718
29500 0.01152310597124416
29550 0.015263982464129064
29600 0.029103544662547304
29650 0.012524839582572733
29700 0.013248593052219641
29750 0.016950744680061452
29800 0.0491351331120609
29850 0.013436516189463945
29900 0.010483511206846563
29950 0.0072716176217504655
30000 0.010706477510842461
30050 0.009369698647382222
30100 0.009139220286729307
30150 0.008276716109847976
30200 0.010392769821903012
30250 0.011837657990727543
30300 0.008731775091227377
30350 0.007459533745983021
30400 0.010846944483334627
30450 0.015921501970099554
30500 0.013361971846276006
30550 0.004994664462304172
30600 0.012274849833174024
30650 0.012923725730847931
30700 0.007846986379847567
30750 0.014015910792520202
30800 0.0204811656847649
30850 0.01167776647938895
30900 0.009603804501459623
30950 0.01775827190640638
31000 0.004813729881364541
31050 0.0073094280959291255
31100 0.007321325023095062
31150 0.005713176993111208
31200 0.005824283949007341
31250 0.022632215855556827
31300 0.010466054331160747
31350 0.006676315145446376
31400 0.010795399031395108
31450 0.005331776463958891
31500 0.006536481011728127
31550 0.004931425533204454
31600 0.007646778438645263
31650 0.005923970710918965
31700 0.004719453265766592
31750 0.004271733510415621
31800 0.03231956320738313
31850 0.04075850833102338
31900 0.0193366571330486
31950 0.009540387189110131
32000 0.017493823974308653
32050 0.01989924300812749
32100 0.007017361276836206
32150 0.008851865699376018
32200 0.011078917902396204
32250 0.005237404783277859
32300 0.023734939362513866
32350 0.005663607931600064
32400 0.004477693488257712
32450 0.01361812660917849
32500 0.010041359945872609
32550 0.023320819040527106
32600 0.006855907093189765
32650 0.010606904399140115
32700 0.0060320469228195206
32750 0.022922952043142136
32800 0.011413009899727704
32850 0.013417273040319543
32900 0.04062150157252485
32950 0.009042448685157313
33000 0.020905599815392195
33050 0.008263948910112933
33100 0.007931940626869229
33150 0.016345384648809882
33200 0.009371333868255451
33250 0.009086322281307586
33300 0.012229500392148554
33350 0.00478040850069768
33400 0.003987084022493839
33450 0.0061513055217915944
33500 0.007269854864005312
33550 0.017921581084622305
33600 0.010559140293257174
33650 0.00925118369214462
33700 0.008359602872721484
33750 0.009931368058490441
33800 0.00936276235775456
33850 0.019464682289321456
33900 0.014578322619638316
33950 0.007482113238112561
34000 0.0055289591400267905
34050 0.008346747464894274
34100 0.006437979317963618
34150 0.007924489277417459
34200 0.006913854624724355
34250 0.00836019557354099
34300 0.01876594800012504
34350 0.0215467090684332
34400 0.008475911008759792
34450 0.004979418916365969
34500 0.010527806646494806
34550 0.022178725115312665
34600 0.008387633350021755
34650 0.012329773096484193
34700 0.014521491483891301
34750 0.018978091321116202
34800 0.008835738312217426
34850 0.009774636621260876
34900 0.011790402050272012
34950 0.006085890888830609
35000 0.007328955770370572
35050 0.00676945925614292
35100 0.008276757081786554
35150 0.0037465313986532792
35200 0.00907529867917768
35250 0.01052785688588722
35300 0.008305184699734146
35350 0.004054750975485776
35400 0.01056023119895491
35450 0.006853821322172081
35500 0.010568434198374554
35550 0.009818806506882398
35600 0.010063614229769483
35650 0.007250589809219205
35700 0.012037242623124772
35750 0.00907927842245276
35800 0.010019025702464943
35850 0.009345245814148069
35900 0.011438978980328706
35950 0.008830078828275
36000 0.010294598472027103
36050 0.004720662433012656
36100 0.015161775688647607
36150 0.006734901427040722
36200 0.009657687500870217
36250 0.011635722134651067
36300 0.004667718686161157
36350 0.0053921055184655625
36400 0.009659183756640134
36450 0.005936420718723107
36500 0.004049815816622944
36550 0.0045781853001066975
36600 0.0034673295653299824
36650 0.010385947600739602
36700 0.006344651400586842
36750 0.004206500630587898
36800 0.0039302695011552485
36850 0.01029011212166997
36900 0.006595780964528043
36950 0.008646847199604742
37000 0.0066332312851446595
37050 0.008976347940258964
37100 0.004096361790164688
37150 0.01870316808729587
37200 0.017687360170846468
37250 0.005595106271466742
37300 0.01729585417289158
37350 0.022777946256938634
37400 0.009484474968558232
37450 0.0062880037081606815
37500 0.007386327578034421
37550 0.011539368024312211
37600 0.014118122207685177
37650 0.008338859624688858
37700 0.011674292533675676
37750 0.004207153258554029
37800 0.009750573192572791
37850 0.008843847275056207
37900 0.014355981230346485
37950 0.012272552342440086
38000 0.012675884853461248
38050 0.004544137758259455
38100 0.0069190928222762835
38150 0.00608290566143241
38200 0.013772064023909769
38250 0.008450774364999475
38300 0.003900086684592419
38350 0.00470194466486509
38400 0.004650825187904431
38450 0.01756681449638856
38500 0.006018666536937731
38550 0.006037397620201016
38600 0.004499334445347292
38650 0.017813643813815307
38700 0.019809289393002995
38750 0.015745890368801092
38800 0.004070042879630916
38850 0.004066422455659174
38900 0.0038748824966313086
38950 0.0047278498189564835
39000 0.006754544191878996
39050 0.0039904268056204575
39100 0.013590450062697738
39150 0.009555804206195843
39200 0.004957474314075704
39250 0.012366110584612369
39300 0.01845620736926055
39350 0.005378895924879391
39400 0.00923838502116587
39450 0.010523978927519759
39500 0.007066303340368638
39550 0.00499598614924508
39600 0.006541569750665833
39650 0.016918957117063538
39700 0.008547862208686006
39750 0.00444527908616564
39800 0.011817578611643648
39850 0.00967488501187045
39900 0.0077303237946078395
39950 0.010284976835863808
40000 0.006047994561800702
40050 0.004224235700516349
40100 0.005191987318470287
40150 0.004424832268298291
40200 0.006417795951774655
40250 0.004751273780417875
40300 0.010076001278815593
40350 0.008334879849796034
40400 0.008549321391067264
40450 0.005691450677539511
40500 0.004542331472126846
40550 0.004607834123140976
40600 0.0040079459828002125
40650 0.005073438407919109
40700 0.005003973228290272
40750 0.00333405013877263
40800 0.008791535813408956
40850 0.007416093264420155
40900 0.014900906353353588
40950 0.016424717290722146
41000 0.016548477345999103
41050 0.0066158706863808005
41100 0.011721361453245894
41150 0.00506266746901117
41200 0.0040288643850741
41250 0.003943597221710412
41300 0.005104584312704334
41350 0.007111172781738709
41400 0.004082491576454201
41450 0.0056874823255181626
41500 0.005089811121106174
41550 0.004438339298408054
41600 0.004361107056667988
41650 0.011580524140728323
41700 0.01367909808809935
41750 0.012788777395821937
41800 0.005653101034249275
41850 0.0067039658371202985
41900 0.00996722368207054
41950 0.005718167890282118
42000 0.00529204551669454
42050 0.004031867893089555
42100 0.003984076592927336
42150 0.005612955498741932
42200 0.008171952784674108
42250 0.006961599523855084
42300 0.006974932886776841
42350 0.009715366660016047
42400 0.015900800208018467
42450 0.01574828016098659
42500 0.004746520715176226
42550 0.00442270208613647
42600 0.0037598980734224025
42650 0.008969129718982038
42700 0.013006962497437382
42750 0.006269631981915275
42800 0.004783669696623497
42850 0.005048743246242444
42900 0.005875734425748952
42950 0.009315252328421344
43000 0.006996585272425354
43050 0.007840567980781797
43100 0.007910233322101624
43150 0.004700823082073725
43200 0.012922246788164931
43250 0.006631883193153958
43300 0.005856943778828417
43350 0.005401036269990689
43400 0.005942430349435732
43450 0.00796651762046906
43500 0.006324933958014906
43550 0.007403747216981692
43600 0.011821563882847554
43650 0.004305359224417654
43700 0.0055464208225943995
43750 0.008672432574709822
43800 0.009058059248086189
43850 0.004320319151257844
43900 0.006334511609535277
43950 0.00875429650743312
44000 0.004810083375459106
44050 0.0060907428747365945
44100 0.004123015872464292
44150 0.004627125539870081
44200 0.009209276925960635
44250 0.009996716227993365
44300 0.003981204461349138
44350 0.003817398652589179
44400 0.005022280657706371
44450 0.007781075823727458
44500 0.004155183721747549
44550 0.009644418617336404
44600 0.005735530746604752
44650 0.0047478584754289095
44700 0.004165457171711415
44750 0.006808333720351589
44800 0.007161855085130102
44850 0.007437490580686491
44900 0.01188019114566381
44950 0.00899081410951914
45000 0.013998951067751883
45050 0.007528179503356497
45100 0.006622163338079196
45150 0.006025972349591758
45200 0.0056359317258800005
45250 0.0053166704480183576
45300 0.004660976514085487
45350 0.005253131113495232
45400 0.010068897195164338
45450 0.008415394760305332
45500 0.007697613526642516
45550 0.009231292004644528
45600 0.008681163953725372
45650 0.010420071268170211
45700 0.014930607672581241
45750 0.012296128116228463
45800 0.0075074982748006116
45850 0.007592209379578208
45900 0.007895412639678554
45950 0.00556300421838866
46000 0.005627762389334728
46050 0.004404023349748823
46100 0.006182509851104967
46150 0.007240738460867992
46200 0.005332387943091287
46250 0.00605512225330228
46300 0.005340744094580008
46350 0.007655205502843134
46400 0.009965811090161198
46450 0.011716731379919408
46500 0.012599663580223956
46550 0.00932258200926455
46600 0.008841145865981474
46650 0.0080245697184584
46700 0.008076318478544422
46750 0.006989772723825219
46800 0.005680832634867539
46850 0.006568782175239113
46900 0.006111179422622226
46950 0.005359541554390904
47000 0.00948612438731609
47050 0.010864265801763641
47100 0.008902111631544776
47150 0.006230010974325002
47200 0.00384513041883267
47250 0.005098969685167589
47300 0.006515504445797442
47350 0.006417526578391221
47400 0.005244699635933234
47450 0.004663017446460626
47500 0.004509398210131893
47550 0.0050615023995603916
47600 0.003898813217151795
47650 0.0037828901035520785
47700 0.0038349959929491325
47750 0.003871621987524121
47800 0.004313202875968644
47850 0.003945657351714015
47900 0.0035434580173701706
47950 0.0036499372826878486
48000 0.0036509867072758583
48050 0.007014866415177229
48100 0.00399676276736712
48150 0.004432240357749915
48200 0.003569075129737766
48250 0.0048307056841289855
48300 0.003404202577491439
48350 0.004595340536962211
48400 0.008228279108390461
48450 0.006014825679998618
48500 0.005371294467339936
48550 0.004821216716349522
48600 0.003353916241046233
48650 0.0038195123333629216
48700 0.0037490958093954357
48750 0.003914410877707115
48800 0.0051611447023868435
48850 0.006696512941064178
48900 0.008060789963075734
48950 0.006595374333749963
49000 0.009917532503762943
49050 0.006405995459302405
49100 0.006728333031136887
49150 0.004473177905816987
49200 0.00572486799288191
49250 0.00456436447263099
49300 0.004240928697735611
49350 0.003997273241758913
49400 0.004097619018724432
49450 0.00390190058305589
49500 0.003955884753248034
49550 0.004783070328187323
49600 0.003953397546536132
49650 0.00393858555859127
49700 0.005509513330744677
49750 0.007130433351154406
49800 0.004446315651371613
49850 0.006912771137077647
49900 0.008208849903149752
49950 0.008110924573187267
50000 0.008582389691455614
