50 0.9845101343671895
100 0.9996089265655324
150 0.9984962921388716
200 0.997842468169002
250 0.9975071133509222
300 0.9971028080439518
350 0.996660048326462
400 0.9960834779408755
450 0.9956026608392525
500 0.9949100307502597
550 0.9939980174634673
600 0.9930395752821892
650 0.9917773912537586
700 0.9899110319757153
750 0.9872790653123281
800 0.9832953802562582
850 0.9770067994365595
900 0.9659546433512058
950 0.9442744952951687
1000 0.8926019540903364
1050 0.7932972652487489
1100 0.6818300954254767
1150 0.5950055331132268
1200 0.47445178886954964
1250 0.3845359230821806
1300 0.4444077538984556
1350 0.30479167685103287
1400 0.2060181029332937
1450 0.12030314656294931
1500 0.22104893404054585
1550 0.14960631847582057
1600 0.1295867199153918
1650 0.15511328395731755
1700 0.14243349086730991
1750 0.09948936273203979
1800 0.14578145792943323
1850 0.12203046947842314
1900 0.09341997617668009
1950 0.10183608003941103
2000 0.10069333805997757
2050 0.08633039614743102
2100 0.09982187075182627
2150 0.08656861709429688
2200 0.07197677731490695
2250 0.07915862679867662
2300 0.14712213399201757
2350 0.11344385187209358
2400 0.06920094322172146
2450 0.06795407296143882
2500 0.0646356245288528
2550 0.065332137924165
2600 0.13646995257683037
2650 0.07764731113314559
2700 0.06100314298936054
2750 0.06266498747255331
2800 0.10441325234399094
2850 0.05735879884123711
2900 0.06597360424642394
2950 0.06203419291833326
3000 0.12980358565148536
3050 0.06286245187587577
3100 0.05103534961968444
3150 0.15186919635456136
3200 0.05338160053451969
3250 0.050542066195730824
3300 0.04721322587924539
3350 0.047368980973255724
3400 0.06745426102248137
3450 0.06573990673532222
3500 0.09803558286426332
3550 0.046919180749079685
3600 0.04746107329240484
3650 0.044190857650591865
3700 0.05350307547137135
3750 0.0440178413474483
3800 0.046820927064628516
3850 0.06093714786831693
3900 0.041890008237549445
3950 0.08400802823145165
4000 0.05911090756440487
4050 0.03736894911803937
4100 0.04795563454670273
4150 0.0897513961630368
4200 0.03655006798404758
4250 0.036625844674561224
4300 0.11453482733138412
4350 0.03658104653954852
4400 0.040792667163543565
4450 0.11269025768743678
4500 0.037035606831923244
4550 0.03575826169821383
4600 0.033262960577466166
4650 0.039318637780981595
4700 0.08511982161502116
4750 0.03700232701187301
4800 0.04410527834999051
4850 0.03142371618658933
4900 0.23666526056936232
4950 0.04047918141094834
5000 0.033860234695198006
5050 0.032820041748500395
5100 0.03659880036687687
5150 0.0314778997096989
5200 0.03395850695384985
5250 0.03498934843632223
5300 0.029696570143881128
5350 0.030228572056873033
5400 0.03102137357421959
5450 0.028478346066172062
5500 0.03013235387704329
5550 0.02786566762219457
5600 0.027440734163523314
5650 0.030317911697089306
5700 0.028519264508551898
5750 0.03359255359860535
5800 0.029524916454988028
5850 0.027004661035249056
5900 0.029328120128010903
5950 0.02934148149188836
6000 0.028131585874955036
6050 0.023849082070573444
6100 0.02340788076062773
6150 0.023982759915910475
6200 0.023529333122436418
6250 0.023673462087994392
6300 0.022438097231226983
6350 0.02110893367428786
6400 0.032428955618643784
6450 0.03059012897602377
6500 0.02332988588115252
6550 0.0522194068072418
6600 0.021846268514323832
6650 0.030665523472531177
6700 0.02287119637359502
6750 0.053879036169394566
6800 0.024315908933208532
6850 0.023359282626361534
6900 0.030867643509929175
6950 0.023023787155555184
7000 0.020444760597874305
7050 0.02059441006389942
7100 0.02289713174963656
7150 0.024174557604969983
7200 0.03690920217723295
7250 0.019748162072099472
7300 0.020431184389860278
7350 0.033608063097336695
7400 0.021354757345281816
7450 0.019708426310685163
7500 0.021539833928782216
7550 0.020167786014014984
7600 0.02366198473834419
7650 0.021497958645541902
7700 0.018176092599062325
7750 0.07171227804156537
7800 0.025208977388582902
7850 0.020900712380276985
7900 0.018454364398208665
7950 0.019791711629977404
8000 0.02193655003493303
8050 0.01973669572025581
8100 0.0196870533978197
8150 0.019872840675388113
8200 0.02266607449326776
8250 0.02548887447528244
8300 0.01798936125958069
8350 0.022460373986321412
8400 0.04544910289731602
8450 0.016680131168250012
8500 0.018245929874178834
8550 0.02306360654033453
8600 0.018471217874843415
8650 0.022704654364190318
8700 0.022493277702660287
8750 0.017409055906371675
8800 0.029216809730081717
8850 0.01723651444071695
8900 0.01747906193335572
8950 0.028000174986488182
9000 0.060842255723583843
9050 0.01901793411616728
9100 0.016557805886707137
9150 0.019896827658365847
9200 0.02157727429190213
9250 0.023976900797519785
9300 0.06541719501717444
9350 0.019282783055909136
9400 0.017780940815949203
9450 0.017171773564194963
9500 0.06302738906059811
9550 0.02333484841971119
9600 0.022363107661996732
9650 0.03669419122812361
9700 0.0171050988305091
9750 0.029551421283187062
9800 0.04309076663950345
9850 0.023076893726722544
9900 0.015449005760210742
9950 0.01844092392334646
10000 0.01653463792128703
10050 0.016159552517345452
10100 0.017290752452549494
10150 0.016032177670384676
10200 0.014938344390631221
10250 0.015615830579457195
10300 0.015256288733064354
10350 0.01494557063450577
10400 0.015005468898373366
10450 0.018945518476250305
10500 0.014250095514094816
10550 0.018292696173219426
10600 0.015417120574880988
10650 0.015962921385298246
10700 0.02073060500492474
10750 0.024002406178305017
10800 0.01948568141165665
10850 0.01599425197968921
10900 0.016668129955464274
10950 0.019151520989517796
11000 0.01847063511570776
11050 0.017062716092027017
11100 0.01593618116888948
11150 0.020051289165492047
11200 0.014386401748436072
11250 0.01557164816149778
11300 0.014236736036034205
11350 0.014413215731941747
11400 0.01740683611155707
11450 0.020459268431626355
11500 0.013608972534846902
11550 0.014884403382193797
11600 0.014309970516391693
11650 0.013515387444871515
11700 0.026497239897770357
11750 0.01600426024855067
11800 0.013330419375981
11850 0.02176247088719865
11900 0.014326375077698558
11950 0.014676783256329644
12000 0.025201248590130336
12050 0.017146170572749135
12100 0.027836894193058567
12150 0.026177418695006765
12200 0.01904850436923593
12250 0.017069560057855166
12300 0.015035027265146363
12350 0.01405846680032215
12400 0.021824804888539266
12450 0.013017364511283339
12500 0.016442310588749145
12550 0.01743253227180486
12600 0.013032340486550355
12650 0.013416790519894929
12700 0.020027943799350027
12750 0.016252752043088126
12800 0.014254897505993189
12850 0.01287058168403571
12900 0.015142848557398234
12950 0.014079458726070105
13000 0.02868710936236131
13050 0.012232829473376646
13100 0.011820240061902952
13150 0.012284488930181756
13200 0.012380622466956988
13250 0.0128840155039966
13300 0.0125440132853181
13350 0.023735503575955354
13400 0.014069600746144521
13450 0.012973322959288911
13500 0.013048939638703452
13550 0.011117024129395536
13600 0.012599858210480389
13650 0.012076828441294998
13700 0.014952961458560317
13750 0.012569138437090515
13800 0.016454285090831525
13850 0.016016859519387368
13900 0.012119523283786965
13950 0.011378434379810953
14000 0.011773594762424601
14050 0.01347938186882397
14100 0.011934190525617895
14150 0.01110728546518784
14200 0.012757185352633846
14250 0.011119053819485294
14300 0.011745525841864163
14350 0.01511388759997445
14400 0.014335009048394704
14450 0.011661835469489673
14500 0.013995865551783164
14550 0.016631223973357822
14600 0.010857108476796514
14650 0.011684584042176245
14700 0.01061256704741072
14750 0.018402971101483923
14800 0.018438331778090757
14850 0.01105801228955984
14900 0.013597779844642442
14950 0.02040931801225066
15000 0.012045602122141216
15050 0.011157883280909065
15100 0.012916673350881282
15150 0.010762359233262011
15200 0.014724107856209607
15250 0.010616680650879716
15300 0.01702946094061729
15350 0.01132182964093657
15400 0.014929256428919404
15450 0.011561361049562211
15500 0.014144355184375672
15550 0.010483009186496708
15600 0.017245275760285325
15650 0.011231318292177186
15700 0.014051405432169522
15750 0.02096150980823088
15800 0.022392394613900666
15850 0.017652251706846565
15900 0.01870386605958315
15950 0.011102903169271925
16000 0.012437998833301636
16050 0.010790563294389974
16100 0.013626000877584024
16150 0.01148624860124654
16200 0.018110974160847497
16250 0.01128021334114205
16300 0.014534737607187685
16350 0.012704506920085009
16400 0.014013809229672318
16450 0.010426639121997231
16500 0.011868130531361739
16550 0.010759451380102437
16600 0.016939936285823173
16650 0.011922010290691103
16700 0.011230722282987776
16750 0.013697324330406003
16800 0.010479926269423252
16850 0.015083180136093239
16900 0.013337524152243204
16950 0.013630717290243684
17000 0.020232092659583638
17050 0.012523971567285842
17100 0.013734792510138746
17150 0.012587319548859367
17200 0.016441547048059994
17250 0.010275063629408051
17300 0.010355256734127613
17350 0.012172306805287905
17400 0.010605764086126452
17450 0.009617380967422443
17500 0.01013912033796322
17550 0.010795933340211021
17600 0.017491586345419034
17650 0.01707280007453033
17700 0.01256283788171263
17750 0.009587734450934797
17800 0.00968983030873672
17850 0.014953665107914021
17900 0.009561027360190086
17950 0.010181395037747634
18000 0.008952228872107998
18050 0.011045951390358456
18100 0.009785874167217164
18150 0.008857315073749523
18200 0.009372609321314312
18250 0.01175575727673229
18300 0.012093118766456353
18350 0.010056858505854173
18400 0.008544988238195871
18450 0.022500612405527434
18500 0.009449605700327534
18550 0.012352808017297184
18600 0.014624496370962456
18650 0.01110154562699197
18700 0.009173946777569249
18750 0.014446101163250494
18800 0.015087424848469564
18850 0.019339413516978668
18900 0.015016994657403165
18950 0.0101519512634499
19000 0.009555907779505745
19050 0.009310407641075522
19100 0.010622588919232036
19150 0.009901459797679422
19200 0.009522687166051572
19250 0.00870976762276152
19300 0.009126682145194475
19350 0.008874555382178562
19400 0.021595855900699887
19450 0.01514666242520128
19500 0.01760691145084266
19550 0.010382965222271414
19600 0.015969615200780638
19650 0.010263357282738422
19700 0.011393486988557685
19750 0.01103136254847185
19800 0.012656836709783275
19850 0.010471329736459036
19900 0.012196460105413772
19950 0.013775316993212347
20000 0.015748433846157924
20050 0.01064998907766422
20100 0.010426300890686633
20150 0.010124961154967497
20200 0.017361167188102843
20250 0.009076565594476197
20300 0.008111046388250429
20350 0.008527748664422258
20400 0.014654203113069194
20450 0.01746378358619623
20500 0.020157626121597
20550 0.010755022645864747
20600 0.008731862976967064
20650 0.00860918302515594
20700 0.008938287730504464
20750 0.008651414549482114
20800 0.008951252397582704
20850 0.008598923322177527
20900 0.011616648206863072
20950 0.014979947268103313
21000 0.016035369843669194
21050 0.007952468998686854
21100 0.00890016951441312
21150 0.008668352938994841
21200 0.01276587506407835
21250 0.01805975234761475
21300 0.011671820561927521
21350 0.018798030118478696
21400 0.013201113570032988
21450 0.009127871056474331
21500 0.009090528412179107
21550 0.010262401957780236
21600 0.008459836716173582
21650 0.013375658847213142
21700 0.009909425284651878
21750 0.008543589537169492
21800 0.00877497548143881
21850 0.015224479533225404
21900 0.018011139010662792
21950 0.009078293670673025
22000 0.015494964901949125
22050 0.01212934808076242
22100 0.008046745887214636
22150 0.0092097786128295
22200 0.011138208533917629
22250 0.009669565557198652
22300 0.010410240363172858
22350 0.009989812876419701
22400 0.012403194644570506
22450 0.009236647723593295
22500 0.012072957194987556
22550 0.015943941868995
22600 0.01772307841316498
22650 0.009449976962453813
22700 0.016057294727931368
22750 0.012878010718462297
22800 0.008308880735117982
22850 0.01114817977740319
22900 0.011950893955987672
22950 0.020350961766630295
23000 0.010076072149329193
23050 0.016555909119148348
23100 0.017529210748486353
23150 0.009046330452775473
23200 0.007945097190656624
23250 0.009127579161768727
23300 0.007547254983458325
23350 0.008904735527930332
23400 0.008779088896591321
23450 0.013253760600743018
23500 0.012975933700269634
23550 0.014760128623080062
23600 0.008788843262551095
23650 0.012592331616468458
23700 0.010374413045999715
23750 0.015288314325214276
23800 0.007906491685215407
23850 0.008117457286447716
23900 0.016468271017962725
23950 0.02193847514516764
24000 0.01978774350857891
24050 0.018777250338483317
24100 0.010123360205447034
24150 0.012677970948437657
24200 0.010267883655600187
24250 0.010091224109925693
24300 0.01804768380384252
24350 0.008218122823108869
24400 0.009719726504780356
24450 0.00844462169859651
24500 0.008702340420420918
24550 0.008482661951653125
24600 0.008850048804136328
24650 0.007477560391642549
24700 0.012139789168833074
24750 0.016826143227685476
24800 0.011420197540714017
24850 0.006909392430851011
24900 0.010758445599267053
24950 0.011122967568479579
25000 0.012718515989775286
25050 0.007426520160078174
25100 0.008207905201712126
25150 0.011354546430011846
25200 0.012044338582868089
25250 0.006941873893582349
25300 0.012811875842080737
25350 0.01381907387940037
25400 0.016121635082863146
25450 0.00696531338755946
25500 0.0070856116309243
25550 0.007037987387129861
25600 0.013089537386874527
25650 0.0075817181820670605
25700 0.012458240035799852
25750 0.010314671790313182
25800 0.007228814476158352
25850 0.006898727342019181
25900 0.008309661285505192
25950 0.006627084903726178
26000 0.010033244609563155
26050 0.0072628311254779865
26100 0.007436441806015072
26150 0.01158459971973052
26200 0.0066026201674748985
26250 0.006160136354499981
26300 0.006057105872270657
26350 0.007003203418108429
26400 0.007190293117966009
26450 0.011552677254868481
26500 0.007780823859771861
26550 0.007083011683588125
26600 0.007417517261211456
26650 0.009868583777732526
26700 0.027598087744626597
26750 0.015003737853525767
26800 0.00921162944747075
26850 0.008455567602997672
26900 0.010444591697989739
26950 0.019858049793571655
27000 0.009883364491292554
27050 0.009463698502698162
27100 0.008474412865397424
27150 0.013937156303266062
27200 0.008222150953638142
27250 0.014034699330879676
27300 0.009729743903088625
27350 0.006929227750129931
27400 0.010248781373796347
27450 0.0074117725512707466
27500 0.006579900687809388
27550 0.011608401953645724
27600 0.01125148290919568
27650 0.007655377394408238
27700 0.008022380745973891
27750 0.008777773123901968
27800 0.009782299607847097
27850 0.007565815105396984
27900 0.018103252259549184
27950 0.01955502537748563
28000 0.013402627728148079
28050 0.006256300004205508
28100 0.010915336809487345
28150 0.008750732826015507
28200 0.009962313064934312
28250 0.009972166109453175
28300 0.013241553501594366
28350 0.010669899939267737
28400 0.006885261377388538
28450 0.006946270213099595
28500 0.009249798749403315
28550 0.0071408990209838215
28600 0.006536447672326734
28650 0.0068593468988326495
28700 0.012381998697805489
28750 0.009804747942669844
28800 0.007230336989672279
28850 0.008947831369986692
28900 0.009357338262106378
28950 0.008726034860602016
29000 0.007873521914627238
29050 0.01970569785855769
29100 0.006753957612906495
29150 0.007189570792306734
29200 0.006842503805828911
29250 0.014470330951961959
29300 0.009369967732057949
29350 0.006174711415886246
29400 0.008781359466697124
29450 0.006271555484434232
29500 0.008335358402988952
29550 0.016864635596011937
29600 0.019325730057111138
29650 0.008402711009973349
29700 0.007419396743845089
29750 0.014111269590064564
29800 0.010186110518071305
29850 0.010930843902650606
29900 0.008379485408510107
29950 0.008584483760076232
30000 0.017195867752094425
30050 0.008365794362980543
30100 0.008605818926289888
30150 0.007926725295458301
30200 0.007055647827172505
30250 0.0073226687632208165
30300 0.007806496794908209
30350 0.00742820801749979
30400 0.009116253891595118
30450 0.01336636018724515
30500 0.016137183493045177
30550 0.00692814478338028
30600 0.00812038514936986
30650 0.0071495037391417745
30700 0.008716479474893776
30750 0.010579405240440917
30800 0.007753192397453253
30850 0.011236402766294952
30900 0.014242478942972387
30950 0.012770055661626504
31000 0.009502715641767993
31050 0.019744729876831076
31100 0.01892622378918653
31150 0.007658757816174029
31200 0.008439254914255508
31250 0.007189425842484889
31300 0.00897700908247638
31350 0.010200609544553804
31400 0.0064983769574863855
31450 0.0063094780855248184
31500 0.006248049179345995
31550 0.00730135764591479
31600 0.009258528305937234
31650 0.008551991290579323
31700 0.015071309416560406
31750 0.009717355479624202
31800 0.005643723546548192
31850 0.007670641817932273
31900 0.008986768638311592
31950 0.00761165276618331
32000 0.006460467606175048
32050 0.006296202215492885
32100 0.007957246004077337
32150 0.006107832484981826
32200 0.00613853319529941
32250 0.005882747653283452
32300 0.0065895930647019854
32350 0.010790816614952126
32400 0.010588736583762713
32450 0.006266386942067771
32500 0.008209958221872598
32550 0.009138883040594728
32600 0.0060722765290570045
32650 0.006156769045862586
32700 0.006016356005519336
32750 0.005629178070190702
32800 0.006953053954808102
32850 0.010020935515797231
32900 0.01465424452573047
32950 0.006106560188980429
33000 0.010737897626152482
33050 0.006158124751211551
33100 0.00861379085955425
33150 0.005603235938879627
33200 0.01181186322156139
33250 0.006295318484642017
33300 0.009586792196597737
33350 0.005758573914784584
33400 0.006699795585489132
33450 0.005791098875728109
33500 0.006179256577858976
33550 0.006350955370836951
33600 0.006482434014262441
33650 0.006423593317683372
33700 0.011244315775941415
33750 0.006264460228938003
33800 0.014223590137090543
33850 0.006916048724862961
33900 0.0061873836520958386
33950 0.006107152280481834
34000 0.008130069009860998
34050 0.009113560424291432
34100 0.006173941567322447
34150 0.0060103148196996095
34200 0.007693824337392391
34250 0.01195287725009536
34300 0.007111619494454784
34350 0.006949029652249301
34400 0.009919772023518512
34450 0.009340024558598205
34500 0.008403206401902077
34550 0.011184801731018648
34600 0.006884460206210207
34650 0.007797939976805894
34700 0.01247214689498072
34750 0.006367591006674961
34800 0.00798519657668203
34850 0.00705467935783019
34900 0.016434427925360044
34950 0.007477396901115534
35000 0.013363523316265204
35050 0.006215827944800333
35100 0.006236037445671959
35150 0.0077466861639958985
35200 0.006122265952305595
35250 0.006321315732101759
35300 0.010610002229204068
35350 0.007890640508552038
35400 0.005965611019854678
35450 0.006407201195450711
35500 0.006070792627700531
35550 0.00744893990795947
35600 0.006424765483316694
35650 0.006328856419311973
35700 0.010488527184239179
35750 0.0066902400197737365
35800 0.005827658699321305
35850 0.00767792553392409
35900 0.009201273396290373
35950 0.006819244354707225
36000 0.006037232105291135
36050 0.006111063139779481
36100 0.005796859973574831
36150 0.006056168258575353
36200 0.007707848175494616
36250 0.015940787686423815
36300 0.006873346262720732
36350 0.005909809655137116
36400 0.009133283102178497
36450 0.010424904554582172
36500 0.011744998161550382
36550 0.006623384041514604
36600 0.005846930046739159
36650 0.00549844862425843
36700 0.005619391126644675
36750 0.006853894442549742
36800 0.00812964339770479
36850 0.006475278267470369
36900 0.005663417774947331
36950 0.00631791382537242
37000 0.010521469694964097
37050 0.009253188289854464
37100 0.009847168763534116
37150 0.012801349132608417
37200 0.01234339362803491
37250 0.0075886813725650395
37300 0.006861872099940567
37350 0.005919764477674229
37400 0.015742368840706608
37450 0.016615278665039552
37500 0.008314925191611646
37550 0.00678982674161386
37600 0.007702656978094965
37650 0.005830739279784415
37700 0.005614856776579358
37750 0.0064347534932510456
37800 0.006748769093395325
37850 0.0068197488056375155
37900 0.018652835917771133
37950 0.00571500948759965
38000 0.005612515562749387
38050 0.007314352976044564
38100 0.00648266304699435
38150 0.006478056004120158
38200 0.007199040195142563
38250 0.005787748681418005
38300 0.008510426534325684
38350 0.006557047326827387
38400 0.008385472787626217
38450 0.007884963950925725
38500 0.008674988874045204
38550 0.009828289077186024
38600 0.00606710805519144
38650 0.007960836920671817
38700 0.00995447541140474
38750 0.009655567004355929
38800 0.008086107017103045
38850 0.0109763581155585
38900 0.006842059101025693
38950 0.00774658354591178
39000 0.006022414099961869
39050 0.005704950607941559
39100 0.007744895208638177
39150 0.011639504285015808
39200 0.009944367739787302
39250 0.013778403203092768
39300 0.020278235955480606
39350 0.008934210490406578
39400 0.006589682160256808
39450 0.0062374193546588606
39500 0.005876839139794853
39550 0.005350471326076931
39600 0.007575126975933508
39650 0.00954906662379502
39700 0.009952539141065758
39750 0.017636562379451094
39800 0.01579826672801847
39850 0.008581999004277571
39900 0.014854880935047802
39950 0.00835844182090966
40000 0.006341318012152647
40050 0.005656503884273814
40100 0.006185382429717804
40150 0.005849065647183063
40200 0.005920207510904222
40250 0.006410507679834186
40300 0.0072434365213663214
40350 0.006256993853650354
40400 0.005674242340413095
40450 0.005529437409050175
40500 0.005769361344755527
40550 0.006009389693975578
40600 0.006309352001787691
40650 0.005550182066477516
40700 0.00554062897268175
40750 0.007999864325960924
40800 0.0062978907535311155
40850 0.00662292214992699
40900 0.006246758507751398
40950 0.01158346040519822
41000 0.010113105657415819
41050 0.007931465971170183
41100 0.01229431060242055
41150 0.006006178283721968
41200 0.00540376117012787
41250 0.006632513657112731
41300 0.007582086218631884
41350 0.009019913996301414
41400 0.007331367712427309
41450 0.009873875996627616
41500 0.012528884240350719
41550 0.008962090507895355
41600 0.010852390714036863
41650 0.0054493775554753125
41700 0.00590436107598035
41750 0.0054121661480592605
41800 0.007022669967476363
41850 0.007760284365394755
41900 0.005985719269663093
41950 0.005893795636169984
42000 0.005603099440147034
42050 0.005588664456678762
42100 0.006878913125120255
42150 0.00583051237337197
42200 0.00942232667851499
42250 0.00945021979302094
42300 0.006623357867480439
42350 0.006882380279745314
42400 0.0055164702364294774
42450 0.005711305879198843
42500 0.005599814797700395
42550 0.0063628981810421
42600 0.006815360257947021
42650 0.005553841379284072
42700 0.005672965826113864
42750 0.008772911547697005
42800 0.006034626539987207
42850 0.005254605096931887
42900 0.005521187081061661
42950 0.005291251117258434
43000 0.005364220468174597
43050 0.0062631631194455875
43100 0.006383376664079022
43150 0.007016203647950518
43200 0.006787612923445225
43250 0.012283196427800732
43300 0.013843980887362491
43350 0.01377035480482316
43400 0.01281278639871596
43450 0.010350081315571647
43500 0.00859745101874686
43550 0.006653237204740212
43600 0.006339324848144865
43650 0.0066572883308163655
43700 0.012151446042214053
43750 0.007671880891104957
43800 0.005724664690787607
43850 0.005652559105381186
43900 0.006966986371419241
43950 0.011000029410681277
44000 0.008365633682680217
44050 0.007827956972012454
44100 0.00681560565686339
44150 0.007073646956536075
44200 0.005627927770419188
44250 0.005826043269706967
44300 0.006298188769925349
44350 0.00565608834734896
44400 0.005853880434098354
44450 0.005708848320082538
44500 0.005681011858255448
44550 0.005782679340165812
44600 0.006110270694509872
44650 0.006792571430852642
44700 0.005537060687996343
44750 0.0076069897053012165
44800 0.007060245592118533
44850 0.0055681987556124215
44900 0.00569075850308514
44950 0.009474710430987304
45000 0.01012371439844596
45050 0.012134576823153937
45100 0.009538325086947215
45150 0.00904738447080206
45200 0.0071559238647627985
45250 0.005896095197114879
45300 0.006299396908712163
45350 0.0070542360656507186
45400 0.005625961213004804
45450 0.005518589104653768
45500 0.005464701911403204
45550 0.005519385498258661
45600 0.00577831023670592
45650 0.0053588002431965934
45700 0.00551557895459593
45750 0.0055023951402882205
45800 0.005660671480736832
45850 0.005560339341587141
45900 0.005421306021838857
45950 0.005422218990379991
46000 0.005737884237815718
46050 0.007270027424205466
46100 0.005822084363433185
46150 0.005547840129296107
46200 0.005508052752182007
46250 0.00730816788292242
46300 0.005930645846223101
46350 0.006198545063042394
46400 0.007182227497212545
46450 0.007355907933364887
46500 0.005812213652344832
46550 0.005793590409568974
46600 0.0058508086985401995
46650 0.0070525984681071635
46700 0.007716258173593552
46750 0.006419818245020844
46800 0.006108897230779515
46850 0.006237634460099245
46900 0.005934596990605076
46950 0.005634327992222976
47000 0.0067639872722544455
47050 0.009340273302322795
47100 0.01021378811906934
47150 0.008456488977154767
47200 0.007400169726283809
47250 0.006316926248250666
47300 0.007777540428201462
47350 0.009351667684861554
47400 0.010765146724178548
47450 0.006635649065994141
47500 0.005820801232254535
47550 0.00905275449061071
47600 0.009574189479853614
47650 0.010929838133915702
47700 0.010761233881055852
47750 0.009605995433026062
47800 0.01027085247368458
47850 0.00855011564544327
47900 0.009046806680544731
47950 0.005503740161328088
48000 0.005559667280393681
48050 0.0055707458333600504
48100 0.00552589402845189
48150 0.006534596265105872
48200 0.009230638669842119
48250 0.009825185917100443
48300 0.010065171090318178
48350 0.011202475435389278
48400 0.010469206286505332
48450 0.011077651154565821
48500 0.010779319676822736
48550 0.0090106899379692
48600 0.008214178252863875
48650 0.008126704505366924
48700 0.00842935375358348
48750 0.007680353199126456
48800 0.006615717481469723
48850 0.005924771174242008
48900 0.005649771994592953
48950 0.005753597292929149
49000 0.006736405223150176
49050 0.005432700117408616
49100 0.005956225067235869
49150 0.005569781607479723
49200 0.005947318978066424
49250 0.005456469423083925
49300 0.005836949934860899
49350 0.005767392043988604
49400 0.005380694478281443
49450 0.006283470008946612
49500 0.005786022696569356
49550 0.006482367830500811
49600 0.006503077348544683
49650 0.006745510957116644
49700 0.0062382283868780575
49750 0.0064289700758322415
49800 0.005517566587939415
49850 0.006048514681076759
49900 0.005393615250433382
49950 0.005649117066992279
50000 0.0053062377503634685
