50 0.9875815858826509
100 0.996702749225679
150 0.9970951515322858
200 0.9963530567264764
250 0.9956206381739023
300 0.9947876777846552
350 0.9940028317449501
400 0.9930218181444509
450 0.9920891163032298
500 0.9910075998020783
550 0.9896604050630244
600 0.988100300498647
650 0.985926160853155
700 0.9829936595598362
750 0.9784406358981149
800 0.9713115759779734
850 0.9594238575604521
900 0.938222269747946
950 0.898367427120771
1000 0.8198451089794364
1050 0.7113434377356455
1100 0.6009427891910061
1150 0.44980284871410153
1200 0.345645153309552
1250 0.2823062190204853
1300 0.20081574302145833
1350 0.24393034374878111
1400 0.16784389912871664
1450 0.11905728698225801
1500 0.11901471434233792
1550 0.14101734817810513
1600 0.12154268431288967
1650 0.09985998519471498
1700 0.12064899928139908
1750 0.10773204824082387
1800 0.08785967121352653
1850 0.10650666817449743
1900 0.09701990940654713
1950 0.07970691026606744
2000 0.09904073754091781
2050 0.07837217190130005
2100 0.11232169103275316
2150 0.07767051567430154
2200 0.07090270192258238
2250 0.07986807631923339
2300 0.07030092102477385
2350 0.09028104237537941
2400 0.0796984088187933
2450 0.05998282124285453
2500 0.1212104081289654
2550 0.07376038545285507
2600 0.06558604187037438
2650 0.06499384681325895
2700 0.06492238437499306
2750 0.08002812548171122
2800 0.06217144573321253
2850 0.06117324109496501
2900 0.05913444052629862
2950 0.0735092914204048
3000 0.05732074241923012
3050 0.08048006442852282
3100 0.05547307060694618
3150 0.10501995023138722
3200 0.054642110471850504
3250 0.052814838754845016
3300 0.07236902402191421
3350 0.05256929321514253
3400 0.05641576671187479
3450 0.05734380756254111
3500 0.07167931542761524
3550 0.06208883341807487
3600 0.052108362589802025
3650 0.081346827492314
3700 0.04914987556981493
3750 0.04625593953003909
3800 0.051215372236422696
3850 0.07999617792707565
3900 0.046058153465730375
3950 0.043650803023274364
4000 0.1531694973219414
4050 0.06312463120235878
4100 0.04311852736667545
4150 0.04165595810342756
4200 0.04022714009827383
4250 0.04042078624910607
4300 0.06486613270605096
4350 0.09618027941074313
4400 0.039413184917236596
4450 0.038182932856823955
4500 0.03951017113613236
4550 0.044368720804476645
4600 0.1599442181597495
4650 0.04024767097541394
4700 0.039761821788370566
4750 0.03684522467482476
4800 0.034939902646235574
4850 0.03405312426117913
4900 0.03710515678232116
4950 0.12462349662101853
5000 0.04626871692387261
5050 0.03364591558806877
5100 0.03288250446627001
5150 0.03255266408121431
5200 0.03166283776330575
5250 0.03115891084213257
5300 0.029671772242902014
5350 0.0313613989949253
5400 0.031774642374549536
5450 0.027819004635444858
5500 0.03034847821229651
5550 0.03041739700535163
5600 0.02834409110870835
5650 0.03206007450258422
5700 0.028085033899991976
5750 0.023597146763188595
5800 0.026073260160365947
5850 0.025734523714592047
5900 0.023102873474280604
5950 0.023052520915464465
6000 0.022648715702059504
6050 0.02287056211463314
6100 0.022268946021442727
6150 0.022782381825818442
6200 0.023192564217224727
6250 0.03653090844601922
6300 0.02461032836356835
6350 0.024951143247228556
6400 0.03510921338497894
6450 0.021312410546180154
6500 0.022106395387521013
6550 0.033421298016991986
6600 0.020086913152702408
6650 0.01970736279395681
6700 0.02021901450083062
6750 0.0202512295997439
6800 0.020527497090403066
6850 0.0200003132652984
6900 0.022048603116550592
6950 0.01938072223125034
7000 0.020565731040794358
7050 0.02054256644815718
7100 0.022553551726900583
7150 0.02371313356624664
7200 0.02282305488156179
7250 0.022187736636344668
7300 0.05626054724382401
7350 0.0268739535139831
7400 0.022182186799726118
7450 0.02011460084613042
7500 0.021437560237030855
7550 0.019423468160946988
7600 0.02090644564002284
7650 0.020478924145487465
7700 0.023051936747246992
7750 0.022109052358744344
7800 0.02011764105959801
7850 0.01822955478760867
7900 0.02454329698388721
7950 0.019653290283219434
8000 0.020291029869840247
8050 0.02568767736015449
8100 0.02105220743625352
8150 0.02052197327620172
8200 0.02308697075759389
8250 0.020977980453986887
8300 0.02044586152488651
8350 0.02161209014500609
8400 0.02773798190640852
8450 0.019999734966990982
8500 0.019060181539067703
8550 0.024622116254761055
8600 0.026707184156717988
8650 0.04753593585390099
8700 0.019677963678727043
8750 0.020219701215793185
8800 0.03869911165965575
8850 0.021731346664825225
8900 0.01936515003095464
8950 0.02688963148078526
9000 0.0189649518881917
9050 0.021788857242755536
9100 0.029244005551000426
9150 0.0270486512089515
9200 0.01946468200926633
9250 0.0202242241191886
9300 0.020285453566434932
9350 0.027248952175606595
9400 0.02760741862272326
9450 0.020288335202351376
9500 0.02168717341314019
9550 0.025181399756835657
9600 0.02758780656477404
9650 0.018503351495480002
9700 0.035540831487981886
9750 0.022141393024990987
9800 0.02136419837325538
9850 0.021990108901888034
9900 0.02094216666048348
9950 0.023873190921765517
10000 0.037734978566081455
10050 0.020570860777090666
10100 0.018281873492688082
10150 0.019626106232073344
10200 0.018719540861853956
10250 0.01765023101623023
10300 0.018029724991200632
10350 0.018060007402324683
10400 0.020031744484207397
10450 0.01829662025878137
10500 0.018372961024512947
10550 0.019774384484320628
10600 0.01808372689831075
10650 0.021256744895962094
10700 0.021433867998648923
10750 0.017781607110892328
10800 0.01805702832427615
10850 0.01750878152904503
10900 0.01774084848264791
10950 0.01930652185376319
11000 0.018981824640034804
11050 0.023437490513008915
11100 0.01917848118252574
11150 0.021857919038648366
11200 0.020494020180790978
11250 0.017581864304268793
11300 0.01809493025819658
11350 0.019957208710762852
11400 0.019239408527327428
11450 0.01817909755511979
11500 0.020115715494634097
11550 0.025924083702748516
11600 0.01737100202710339
11650 0.018245210668449308
11700 0.018771621413818423
11750 0.017531864050390963
11800 0.02198272139187738
11850 0.02679241335514035
11900 0.017602498869841242
11950 0.018293490583453132
12000 0.02082992056145742
12050 0.0179729671053477
12100 0.019484098259621697
12150 0.018099265115533312
12200 0.017675742803006815
12250 0.018135998149383985
12300 0.020572074028633112
12350 0.017167642835384737
12400 0.017370802439258475
12450 0.0222607068277358
12500 0.022863587809780945
12550 0.017653590172237388
12600 0.01708882802325069
12650 0.021604575831932163
12700 0.017787898647844903
12750 0.01861867057168486
12800 0.017373659438145044
12850 0.01818169485162994
12900 0.020417406587973086
12950 0.017170957924103246
13000 0.01692734451912968
13050 0.025653992281812695
13100 0.02546628052469073
13150 0.018966820663896107
13200 0.016900507542523164
13250 0.017277555301678887
13300 0.021437608585969787
13350 0.018979413527244308
13400 0.020134059946913183
13450 0.01852177745290835
13500 0.024938896387391038
13550 0.017144103039749534
13600 0.01869080663270094
13650 0.01647493238553861
13700 0.016584259890177987
13750 0.01755568916843772
13800 0.01883378949728643
13850 0.01734825309799231
13900 0.018739909315255016
13950 0.020207597194121234
14000 0.031079748663574745
14050 0.02155228550819141
14100 0.02466817742679324
14150 0.01640292214781167
14200 0.016603963980038213
14250 0.01666472948133753
14300 0.017514607732234306
14350 0.018910066528708743
14400 0.021522331512570426
14450 0.019194995273008393
14500 0.01733654520890934
14550 0.0196515426990449
14600 0.01746247438862919
14650 0.016623212905046
14700 0.01664885197186947
14750 0.01649997611850916
14800 0.01695635743932314
14850 0.019106252734852062
14900 0.015943259719618717
14950 0.01921125972309081
15000 0.01791359316063345
15050 0.019499017080585896
15100 0.016670419125665057
15150 0.015397599917742031
15200 0.016543699129185758
15250 0.01828724000329081
15300 0.0168356631726515
15350 0.016042616966432957
15400 0.017438749862870636
15450 0.019808760672368617
15500 0.01639553741697435
15550 0.022192257354719958
15600 0.016864634160626227
15650 0.016960345072951015
15700 0.015982286179921586
15750 0.016540669817547374
15800 0.016413130402983967
15850 0.015968360559505814
15900 0.017747677402272958
15950 0.016066280269414004
16000 0.015315978129351464
16050 0.02009781538524339
16100 0.020912079963889756
16150 0.016869233903088993
16200 0.01693501428029507
16250 0.015523496045414727
16300 0.015837426763396906
16350 0.017278693483855637
16400 0.01663226577874372
16450 0.02521899354827057
16500 0.01871598763899832
16550 0.017183806102279882
16600 0.01520924662561446
16650 0.02267218615889846
16700 0.015555885847146515
16750 0.017419343257630383
16800 0.014546280543715016
16850 0.015680913538491756
16900 0.019545789871979875
16950 0.015216564886534991
17000 0.015462316715877507
17050 0.016746320198425205
17100 0.014946731291769587
17150 0.014984959213100278
17200 0.015726275949664727
17250 0.016497208256577404
17300 0.021370495582990937
17350 0.01726166047311996
17400 0.02024093340495246
17450 0.01847533592906799
17500 0.01853545247171903
17550 0.015687519134143485
17600 0.017287093503522512
17650 0.016623641002960737
17700 0.022145340181323213
17750 0.020087109811853743
17800 0.01416777576109981
17850 0.015484473678011198
17900 0.01517138611589426
17950 0.017342485145099597
18000 0.01461823990610408
18050 0.014582596307580683
18100 0.015714284688128344
18150 0.017024406159017066
18200 0.01501917022675252
18250 0.014954644350567434
18300 0.02118870919549579
18350 0.017460454853104605
18400 0.01720810449976598
18450 0.01621831296049794
18500 0.015733098731515214
18550 0.014846065369166567
18600 0.015295180461794945
18650 0.018210777739576165
18700 0.029023457146291173
18750 0.016156575236943232
18800 0.0277860993390552
18850 0.020496260531215022
18900 0.014047039326950722
18950 0.01524760538977269
19000 0.016000833024166588
19050 0.02422453988017815
19100 0.015460971274574449
19150 0.01431973676358333
19200 0.016316544733046497
19250 0.022806299574900473
19300 0.015729501250067807
19350 0.014198759463701546
19400 0.014117140732963463
19450 0.014648509218007961
19500 0.018678613535187603
19550 0.014046662160506242
19600 0.01399824534175572
19650 0.013821694157420874
19700 0.01413516911730965
19750 0.01627643328009945
19800 0.02778169408627754
19850 0.015992487909998358
19900 0.01976476278771757
19950 0.014257144629043882
20000 0.014100801221633517
20050 0.017005984814870857
20100 0.018478662204007172
20150 0.022858111871842043
20200 0.014339601560925834
20250 0.014141728699463271
20300 0.02147881454620897
20350 0.015680653577766972
20400 0.014607847419540295
20450 0.020092387912539183
20500 0.022257009226159856
20550 0.019868744081177423
20600 0.01431609411298272
20650 0.015149523977241256
20700 0.014042575709340418
20750 0.014058469374594635
20800 0.014059231142459048
20850 0.014778688872000479
20900 0.01414234417179462
20950 0.01839678105748218
21000 0.01624622840686093
21050 0.014995025802969164
21100 0.019537236016578734
21150 0.015477191370600234
21200 0.018005647098322707
21250 0.013920337411996168
21300 0.01541109753855993
21350 0.01377485338568508
21400 0.015595526400959708
21450 0.014537532161929313
21500 0.01743888663205864
21550 0.014566646526387691
21600 0.018295067778550667
21650 0.019224194559780416
21700 0.015830377009014553
21750 0.01394222957064447
21800 0.014188206784090178
21850 0.017639528449800643
21900 0.015766319451707485
21950 0.013644858025267614
22000 0.017496401649588836
22050 0.013524529997011555
22100 0.014536288797442709
22150 0.01995449163403246
22200 0.02046314358913367
22250 0.014096443465756945
22300 0.014084885135880562
22350 0.015505531291326473
22400 0.01504742812989187
22450 0.014704684210334147
22500 0.01736909872831669
22550 0.014801202834193183
22600 0.01646033138263326
22650 0.0134750101406588
22700 0.013401577417587072
22750 0.016760383173555223
22800 0.01329947091924255
22850 0.013710803544521786
22900 0.013289830784771951
22950 0.015261634126748112
23000 0.013098823008748345
23050 0.01307649871622078
23100 0.019678996585815435
23150 0.013070054137796714
23200 0.016552154141920794
23250 0.013364654067163959
23300 0.020675190898852173
23350 0.02106724567610238
23400 0.02021696907417404
23450 0.014712662317530349
23500 0.013952761518682083
23550 0.0166521813820462
23600 0.0183305238415683
23650 0.014671839430561485
23700 0.01698052584098099
23750 0.012904539633404074
23800 0.015916059440924318
23850 0.014696177760972052
23900 0.013639839385657741
23950 0.014262433215877538
24000 0.012754677757699602
24050 0.013859335417000126
24100 0.01287549499547842
24150 0.017111715943917503
24200 0.017742807800602556
24250 0.01659652732824832
24300 0.01478258278400796
24350 0.023723938634614198
24400 0.01304742058255695
24450 0.0190867047290726
24500 0.015490989965120097
24550 0.01376402271770848
24600 0.01298857766425672
24650 0.012872753325508813
24700 0.012649163709769227
24750 0.018364260044948306
24800 0.015103177992727156
24850 0.012516727763267855
24900 0.012375880162939123
24950 0.012362559346492177
25000 0.014837279856944083
25050 0.014631793794679646
25100 0.015352484463477131
25150 0.015170186457051262
25200 0.01332247416340868
25250 0.017696485934336793
25300 0.012734756693353359
25350 0.013936186154254824
25400 0.01262820108913455
25450 0.012603519584123105
25500 0.01293872086270165
25550 0.013027239134409518
25600 0.01338846043438587
25650 0.013065196267257894
25700 0.012983006046792207
25750 0.015184561743749355
25800 0.01456529866505236
25850 0.012732530292578299
25900 0.013086843873314323
25950 0.01638403414560452
26000 0.015530572011761232
26050 0.012894939222565887
26100 0.012703872853300786
26150 0.012910568744105006
26200 0.016828004001192453
26250 0.013009163340790124
26300 0.013492930572315754
26350 0.01369836246034047
26400 0.012473712513549324
26450 0.013764086795564266
26500 0.011934680489315326
26550 0.012349727155994385
26600 0.012849994116760412
26650 0.01960033710200274
26700 0.01280122801663624
26750 0.014305153459037942
26800 0.013403913000487195
26850 0.013180287453752404
26900 0.013842962305031993
26950 0.012822948387737702
27000 0.01410269475360793
27050 0.01366304522649486
27100 0.0143020512691611
27150 0.013342788128475797
27200 0.015330341355704801
27250 0.012589660075982344
27300 0.01253906703748699
27350 0.01238737792454661
27400 0.019446359581470306
27450 0.020951689444835636
27500 0.013578742620194035
27550 0.014907268676859046
27600 0.013642605579177989
27650 0.012683334445202374
27700 0.01584130887879774
27750 0.011840053186490198
27800 0.01221918374330334
27850 0.014692076040431608
27900 0.012160440827961735
27950 0.014568352721980676
28000 0.012590032998226539
28050 0.011891097112620373
28100 0.012110259723419814
28150 0.013052007446806287
28200 0.016020038260664834
28250 0.02202536022357102
28300 0.014634151352915119
28350 0.017605937814424197
28400 0.01828900579136529
28450 0.013292433334752274
28500 0.011984926740598562
28550 0.013784201769654695
28600 0.01195118825216652
28650 0.016636446588647855
28700 0.012987310963641023
28750 0.01228960451239625
28800 0.01190880341022482
28850 0.013523182002009535
28900 0.013551591019705954
28950 0.012123624820736329
29000 0.014197885355891364
29050 0.011871338679686509
29100 0.017546591730961812
29150 0.012583694154454289
29200 0.016240265798530388
29250 0.012902750218251165
29300 0.011598071205492541
29350 0.013928803284514476
29400 0.014818086439056822
29450 0.011506406618256847
29500 0.02426094376943119
29550 0.011571785530617707
29600 0.01166206798943575
29650 0.0160664420547744
29700 0.016205961762954923
29750 0.012772936296162695
29800 0.012235080960455436
29850 0.011733154622486967
29900 0.015856881139256995
29950 0.011645182386620182
30000 0.01367279776988655
30050 0.011693494106504259
30100 0.012396704574143847
30150 0.01413686284484149
30200 0.013010346766230401
30250 0.01220370944333864
30300 0.012387826487696818
30350 0.018760744076846605
30400 0.012472985518454924
30450 0.018095086016194546
30500 0.013366316892615568
30550 0.012545347563234763
30600 0.01145763190881053
30650 0.013662232519750638
30700 0.012099603279822476
30750 0.011826735748262311
30800 0.013253753966065663
30850 0.01226775438803925
30900 0.011706116518227928
30950 0.012517464323603025
31000 0.015111254865596746
31050 0.01847841055620453
31100 0.014353589151170422
31150 0.011745858438418888
31200 0.013518661754230221
31250 0.011454379328752312
31300 0.011727793384080283
31350 0.012069006041787364
31400 0.012052461143340978
31450 0.011840485602381321
31500 0.011430992652790023
31550 0.012038758858340996
31600 0.012612563308485158
31650 0.01615005899581025
31700 0.011612265147882524
31750 0.012216250595891525
31800 0.011556252721953411
31850 0.013333415141294942
31900 0.01605564832427266
31950 0.011580402333375654
32000 0.011453369239186433
32050 0.013592304413805585
32100 0.014874323047594458
32150 0.01377912705678916
32200 0.013912411354976917
32250 0.012642988523927923
32300 0.013453677089188477
32350 0.011855104347185275
32400 0.011590362361165346
32450 0.015126706143317384
32500 0.011864212250424258
32550 0.013317289802670572
32600 0.014790254547858003
32650 0.011550445455318982
32700 0.01449475567448982
32750 0.01570479286037202
32800 0.0113397090279138
32850 0.011990056776108983
32900 0.018878259643142277
32950 0.014577768096349922
33000 0.011366045107591372
33050 0.011490141569977127
33100 0.011352464677699632
33150 0.014193978543525389
33200 0.011264970778328129
33250 0.012185706448179791
33300 0.011762852345262345
33350 0.021405466396603318
33400 0.014682241398448
33450 0.012884225792317718
33500 0.01568016560794955
33550 0.012439529206587262
33600 0.014350109410795456
33650 0.014980570763608652
33700 0.02538058520305325
33750 0.01752281706822745
33800 0.011742975733892626
33850 0.01126479356669237
33900 0.011704490102896006
33950 0.013486154630799808
34000 0.014539654915441737
34050 0.013112880168768496
34100 0.011139368111209379
34150 0.011413929942436833
34200 0.011660512042358842
34250 0.014253863089712241
34300 0.011601851326852283
34350 0.014760021755783965
34400 0.011855908885323013
34450 0.011953107543375302
34500 0.013897768469816016
34550 0.011934734829958344
34600 0.011809754377206994
34650 0.0123225765831106
34700 0.01658598822789044
34750 0.013375067820900727
34800 0.014075730087974733
34850 0.011371131320665952
34900 0.01115076892493921
34950 0.011326975492555492
35000 0.013420217018201404
35050 0.01255825319846955
35100 0.011564415491319462
35150 0.01111660863662702
35200 0.011438412399338488
35250 0.012189662892937134
35300 0.012757473611679228
35350 0.011289445749648915
35400 0.011930473992379542
35450 0.012431536805207071
35500 0.01144797799416783
35550 0.011937457312369117
35600 0.011087578590448217
35650 0.011419608897513806
35700 0.011912378015524723
35750 0.014841497896457419
35800 0.01627469661447156
35850 0.011652412972331406
35900 0.014707463168669367
35950 0.011965838683161431
36000 0.01112133036301359
36050 0.01192514961709084
36100 0.01113726760159156
36150 0.011288315422403702
36200 0.01118990366678463
36250 0.011408034899841917
36300 0.011380010518155929
36350 0.011503806849551964
36400 0.0124256055631819
36450 0.011364437030341705
36500 0.011022426769320706
36550 0.011715438951787196
36600 0.01363583999263429
36650 0.011385752516894514
36700 0.01115651200627613
36750 0.011823269436353447
36800 0.01116967539824005
36850 0.01192906030592387
36900 0.011767674873475494
36950 0.010780875237607922
37000 0.011243259439284297
37050 0.01113074710346621
37100 0.012692246861430587
37150 0.011260263378797916
37200 0.01086673422864606
37250 0.011511779853520468
37300 0.013992586408814706
37350 0.011465667667109408
37400 0.01089575588673904
37450 0.010572474126097358
37500 0.010699260037653775
37550 0.011291723216423617
37600 0.015094260312167927
37650 0.011088854160922172
37700 0.013839880779685608
37750 0.012131705170372754
37800 0.010679769990671675
37850 0.01238288694119575
37900 0.010558420598591328
37950 0.011753038803347712
38000 0.01094990796549726
38050 0.01071722397719215
38100 0.012842280077171728
38150 0.011546453928568769
38200 0.01711946044244656
38250 0.015951222232401335
38300 0.010933080211627422
38350 0.013283195122033329
38400 0.016963688483792858
38450 0.010983610551630062
38500 0.01598477009024755
38550 0.010659057125970534
38600 0.011143581760251568
38650 0.01251087905757335
38700 0.013502488047237169
38750 0.01193612350351601
38800 0.011282081031119127
38850 0.011623673484019999
38900 0.010795884110633605
38950 0.010859854688315872
39000 0.011002811679873457
39050 0.01087626052153674
39100 0.010911561794811037
39150 0.012416664716335535
39200 0.012616787001000978
39250 0.011166710936690891
39300 0.010777216461445364
39350 0.011073923452108113
39400 0.011881721901732678
39450 0.012555001987927507
39500 0.014100880550404727
39550 0.013980891257857493
39600 0.011665366261024872
39650 0.010799713744321603
39700 0.010912725957221519
39750 0.011790539004968317
39800 0.0156231438252751
39850 0.016114628770020803
39900 0.016166040611011852
39950 0.010868805545097362
40000 0.01285122569142595
40050 0.012743594566126167
40100 0.013188941758831308
40150 0.013517004542608423
40200 0.013559904235378353
40250 0.011929657779571163
40300 0.011395652192682765
40350 0.01201090206836618
40400 0.011171759214606425
40450 0.010950066481917346
40500 0.010627227092395575
40550 0.012291721559743394
40600 0.011426829512035138
40650 0.011229078671479585
40700 0.013648991528788816
40750 0.012446337374186905
40800 0.01161090833693256
40850 0.011010393699529886
40900 0.0117219315125495
40950 0.011319307263689004
41000 0.011244002421523885
41050 0.013558279614090757
41100 0.012175626232240066
41150 0.01085219609850847
41200 0.010975460490499238
41250 0.010923094283333145
41300 0.011200348060705799
41350 0.012390109956242481
41400 0.011155761256961142
41450 0.011123119255103633
41500 0.012516359403508232
41550 0.012678060658235605
41600 0.010900201027664933
41650 0.010712785711506332
41700 0.011115930877239572
41750 0.010945449943281263
41800 0.011143891467171064
41850 0.011877244857305635
41900 0.012133811468121695
41950 0.012857124666589545
42000 0.012373052785837852
42050 0.010820627211265522
42100 0.01087565202767373
42150 0.011557056011326299
42200 0.012292463395067826
42250 0.011318572409030381
42300 0.011637684682828869
42350 0.01095802556406916
42400 0.011493629123869158
42450 0.010842313912626547
42500 0.010796807048026262
42550 0.010535175411484316
42600 0.01144003510550427
42650 0.012260236621162317
42700 0.010803279229569234
42750 0.010449640968642789
42800 0.01104239829316543
42850 0.01161052065446429
42900 0.010857941918545774
42950 0.011140109216879251
43000 0.01039205571861808
43050 0.011625504280467252
43100 0.011796284843039071
43150 0.011469719919126417
43200 0.011027711675109447
43250 0.010812592381118893
43300 0.012319583262976812
43350 0.011315395603914357
43400 0.011966017805066917
43450 0.011158240190541327
43500 0.012170948553297298
43550 0.010741322151739428
43600 0.011593608553714645
43650 0.01056610495859119
43700 0.010889968327312606
43750 0.01040958495627381
43800 0.010425974235633273
43850 0.010654966643688594
43900 0.010712495862048473
43950 0.010534626405262466
44000 0.01094297894127573
44050 0.010430886514482672
44100 0.01107597062262387
44150 0.010968327606044324
44200 0.011114644343592581
44250 0.010517305836142613
44300 0.012061763492962969
44350 0.01099400302240808
44400 0.011530216212184351
44450 0.010737646064102784
44500 0.010611920137181093
44550 0.010783023730396742
44600 0.010770558997113242
44650 0.013303959758219823
44700 0.012655768773828525
44750 0.010822329958368699
44800 0.011406417159299327
44850 0.010807113873867784
44900 0.013584026147373442
44950 0.013305280074314207
45000 0.011351150892299015
45050 0.011176669093212667
45100 0.011155331119140806
45150 0.012481139043382865
45200 0.011372836190750994
45250 0.010566892973412624
45300 0.011360285686097758
45350 0.011289255145407247
45400 0.01120408851941219
45450 0.011021798366971198
45500 0.011682846151656458
45550 0.012206280643115698
45600 0.010978091456294258
45650 0.010451660511302934
45700 0.010556114702326268
45750 0.010672986746847107
45800 0.010762972268226395
45850 0.010346665755159742
45900 0.011146132150513428
45950 0.010891523152430626
46000 0.01070327897742334
46050 0.0109443634890971
46100 0.011084791697454062
46150 0.01059741436556405
46200 0.010734389748637161
46250 0.01154594699796198
46300 0.011092018300504854
46350 0.01136068552160617
46400 0.011121626892329498
46450 0.01242371906969769
46500 0.01123508320923256
46550 0.011145605909863361
46600 0.011509492331208787
46650 0.011387952793071077
46700 0.010927363366341798
46750 0.010619428206406845
46800 0.010778601774169342
46850 0.01086110590143626
46900 0.01091803458152806
46950 0.011213551877189316
47000 0.01070511903670603
47050 0.01065605180105765
47100 0.0112437038911547
47150 0.010680922655891467
47200 0.010782177513219018
47250 0.010976573932021299
47300 0.01150111765631052
47350 0.011049809170213379
47400 0.010539304293676
47450 0.01122431289165257
47500 0.012515958451072078
47550 0.010887391971351185
47600 0.010377688667843608
47650 0.011139038335317977
47700 0.010627714617258479
47750 0.010665827434438379
47800 0.01094325417740228
47850 0.011633329494230595
47900 0.012001207157581791
47950 0.011777277188623387
48000 0.012426530933858143
48050 0.010827128058669505
48100 0.010631953478971634
48150 0.011163379690950163
48200 0.010743317545807905
48250 0.010589002186755065
48300 0.010846732070892465
48350 0.010804736923539532
48400 0.011264417606821129
48450 0.011639047732723683
48500 0.012772726735771739
48550 0.012119505215133651
48600 0.010913929718136484
48650 0.010753881196478996
48700 0.010481604772423804
48750 0.010563502366149568
48800 0.010537411043847958
48850 0.010393977936477408
48900 0.01047829742189237
48950 0.010360962414268851
49000 0.010956653625080604
49050 0.010810758976376024
49100 0.010922675086736153
49150 0.011131031407875249
49200 0.010420323092960267
49250 0.010296074056364336
49300 0.010572028050184453
49350 0.010417679753975234
49400 0.01041486653190253
49450 0.010283499462272925
49500 0.010629158750522496
49550 0.010512068466031317
49600 0.010802074284004575
49650 0.010812196191474896
49700 0.010483441518190858
49750 0.01125189961476384
49800 0.011766603824380634
49850 0.011194982846143063
49900 0.010334742138040273
49950 0.011631069309021396
50000 0.011587154532880778
