50 1.0011413633640598
100 0.9963417353197953
150 0.9947752794528036
200 0.9942727309287871
250 0.9936936383487056
300 0.9929785006503344
350 0.9921079123970642
400 0.9909438773599456
450 0.989391589354021
500 0.9869843908195451
550 0.9830566926907456
600 0.9765472447194534
650 0.9646271385369861
700 0.9417757666308947
750 0.8871426659342061
800 0.7478406692672045
850 0.5590839880585198
900 0.4097673024521366
950 0.32965239488028647
1000 0.2716421421195549
1050 0.2138825725883529
1100 0.14446435160167362
1150 0.13420622493812426
1200 0.11455525660905118
1250 0.13748100344652842
1300 0.10745666925045698
1350 0.09411196742693091
1400 0.15227938076023195
1450 0.11437151362104267
1500 0.09227269404294622
1550 0.08731127605014376
1600 0.09569316904845065
1650 0.08340924353884625
1700 0.07784012130357638
1750 0.08465636394200424
1800 0.08223808093432364
1850 0.0739482513940775
1900 0.08362354901545178
1950 0.07260948746470226
2000 0.07592626982226754
2050 0.08906187738202916
2100 0.09551294873022745
2150 0.06826183647246184
2200 0.06583760829350975
2250 0.11834852056828585
2300 0.08177655018085186
2350 0.0625328480556393
2400 0.057001043204115975
2450 0.12305049169240963
2500 0.06940580580417474
2550 0.055837470216219466
2600 0.054850284104947786
2650 0.05571415808588102
2700 0.05214962746327638
2750 0.14064781828416145
2800 0.06208934683786456
2850 0.05173849633626478
2900 0.05013848480667636
2950 0.07370830652555026
3000 0.04950321925398437
3050 0.04852140131012677
3100 0.08757146272073017
3150 0.04773295123041638
3200 0.043789655831537024
3250 0.04433744229160883
3300 0.10105958460726057
3350 0.05943607242662402
3400 0.04154132654625925
3450 0.043248557082547386
3500 0.05876638463866449
3550 0.04294039353276535
3600 0.06437834774812166
3650 0.0393304415097161
3700 0.04292838024544983
3750 0.057693834820266764
3800 0.038246976588590775
3850 0.03668892502426172
3900 0.09118186038114838
3950 0.040134196669963464
4000 0.03810016731240517
4050 0.03459944442529813
4100 0.0360845505105863
4150 0.0446771110316682
4200 0.03222046425386909
4250 0.051302641108355855
4300 0.03477327961344647
4350 0.03634922957204537
4400 0.04383727318777767
4450 0.09882657046412466
4500 0.05954178055876733
4550 0.033671428215263234
4600 0.03503711116723868
4650 0.03250803052400154
4700 0.029643356424144715
4750 0.07509566652036022
4800 0.03960246233263944
4850 0.02973951735551994
4900 0.025529622931097336
4950 0.03934354831446694
5000 0.05325231943218285
5050 0.04551561925493527
5100 0.03356007813322514
5150 0.0280155917194825
5200 0.02784078244628887
5250 0.02678114102682739
5300 0.026574758626026797
5350 0.02632902587680703
5400 0.02562389895651821
5450 0.026941116976385626
5500 0.024873891787783976
5550 0.029116189072211245
5600 0.026525469699494545
5650 0.024705639472692397
5700 0.023877171964167245
5750 0.023992225469466902
5800 0.024442051435335642
5850 0.02350806705038069
5900 0.026194334474471184
5950 0.024311768399648354
6000 0.026154713369103758
6050 0.0240740409014625
6100 0.021281786859848453
6150 0.02659266630970242
6200 0.024048020279253905
6250 0.020533445591693376
6300 0.03158237055426342
6350 0.03127565155294821
6400 0.026693410116997437
6450 0.020874735457182988
6500 0.02053531052215161
6550 0.020694910083460496
6600 0.022905151492469567
6650 0.03364943954846973
6700 0.02774799785156262
6750 0.020075486552860157
6800 0.026160878644313528
6850 0.020584003391822217
6900 0.01938592654972461
6950 0.01976334174721722
7000 0.021569959364327592
7050 0.020179772886185127
7100 0.033385092341819696
7150 0.02134575947484805
7200 0.02098528878258001
7250 0.04178128576492215
7300 0.02649821088012347
7350 0.018943729615358687
7400 0.03877411780702338
7450 0.0189218302080568
7500 0.024900571800098314
7550 0.019074137924753442
7600 0.019825427840456676
7650 0.01969894535816024
7700 0.035335728959474094
7750 0.031760735382033264
7800 0.01871982279424494
7850 0.02402518353807922
7900 0.024664484251473495
7950 0.022093343320244097
8000 0.020653327146801563
8050 0.03686090058733678
8100 0.025428825016275018
8150 0.019029823054409416
8200 0.02865148164284515
8250 0.018474900015654196
8300 0.03128991828873329
8350 0.020286261610495904
8400 0.02107348985011299
8450 0.020768252378008705
8500 0.020152536131541665
8550 0.01970274510297111
8600 0.023347071772542468
8650 0.01926314414740815
8700 0.05195601922145909
8750 0.018975330393078926
8800 0.02129504622263202
8850 0.04140352552860443
8900 0.024545592846851264
8950 0.019489554574591512
9000 0.01939880826486056
9050 0.02105710109287522
9100 0.019542508643490525
9150 0.028264024015417066
9200 0.01915640229482217
9250 0.021580476330865433
9300 0.018211604377498664
9350 0.04192265664237106
9400 0.019282369198642627
9450 0.020398962161677386
9500 0.025618635800839437
9550 0.028149875768097663
9600 0.020925612074979578
9650 0.02778113508792542
9700 0.026730768251308417
9750 0.017843197591204188
9800 0.017672479211987925
9850 0.019489306452924206
9900 0.018300533815768103
9950 0.03318802850107217
10000 0.021214026855425023
10050 0.01841715364462103
10100 0.01812460777437297
10150 0.01910103832388602
10200 0.017709883769886546
10250 0.01940789484802416
10300 0.021701721200771733
10350 0.020220441499880976
10400 0.021889246155121337
10450 0.017878013631993428
10500 0.01764052185563597
10550 0.024028203923292416
10600 0.02582454294866148
10650 0.018478415839860513
10700 0.01832046307177429
10750 0.017789663166639977
10800 0.018638832330831172
10850 0.01798655102847051
10900 0.017466038578768515
10950 0.017975319645300535
11000 0.017935806160161147
11050 0.020969653490046092
11100 0.01791044495595693
11150 0.01786019865190541
11200 0.017423602311141657
11250 0.021808210023729617
11300 0.021129697695495064
11350 0.025822595785068545
11400 0.017552484081382085
11450 0.017679763149820112
11500 0.017024311635360074
11550 0.01727738294208217
11600 0.018518082304852537
11650 0.018298670816323307
11700 0.016833827877723067
11750 0.01652556300681689
11800 0.02367784936977298
11850 0.019163596194465803
11900 0.02199905525850161
11950 0.020064410038456795
12000 0.017548313252634187
12050 0.01660257560790971
12100 0.019347405230168254
12150 0.01719151066489856
12200 0.01930978389463851
12250 0.016757686353157768
12300 0.017003274420777814
12350 0.018939244837098752
12400 0.018068242331646164
12450 0.017759020186464462
12500 0.01985563913703799
12550 0.0165441891793514
12600 0.02360572984983262
12650 0.01976395849672378
12700 0.017687746552641877
12750 0.019521423761137906
12800 0.01893435884976966
12850 0.017414395773943186
12900 0.016561862821484502
12950 0.017177809694743335
13000 0.026331368191291168
13050 0.018471320234114394
13100 0.018018639728626523
13150 0.016535647470363346
13200 0.016686022705870246
13250 0.020235518392871677
13300 0.02873380701793117
13350 0.021432450693678242
13400 0.01584980134426743
13450 0.020714451635243034
13500 0.020464306096802887
13550 0.018221694681443277
13600 0.016989016658014014
13650 0.018782310218342837
13700 0.020039593514263068
13750 0.026182758937154625
13800 0.017170255379702532
13850 0.01674563600908591
13900 0.015544346020983795
13950 0.022140292824213304
14000 0.017229388521045334
14050 0.01569094716949846
14100 0.019023992858953558
14150 0.015997759581727708
14200 0.021176770606295674
14250 0.01974368637340266
14300 0.016099152117550333
14350 0.015351856891733478
14400 0.0230477604807554
14450 0.02644319375352124
14500 0.01699319538888235
14550 0.015200784921059533
14600 0.015481073958435126
14650 0.01872882319385953
14700 0.017031736316771684
14750 0.016527673237410324
14800 0.026863001039813896
14850 0.015288860956250795
14900 0.01841413682019651
14950 0.016102724640251004
15000 0.015513185790537194
15050 0.01594583655582035
15100 0.015353966548181134
15150 0.014782319852605023
15200 0.014985286043078111
15250 0.01672882632745201
15300 0.017713809472765376
15350 0.019034744487288466
15400 0.023617089074921098
15450 0.016664779725533454
15500 0.015778399014124724
15550 0.015551002442761155
15600 0.015176523556217951
15650 0.018629401445193986
15700 0.016171982071303513
15750 0.01639654891730704
15800 0.016511705491610598
15850 0.015152415645195537
15900 0.015356758714034958
15950 0.01505176254254138
16000 0.01438447425429933
16050 0.015120755587754522
16100 0.0155786444484249
16150 0.015145985032074009
16200 0.01570838302516706
16250 0.01504720885410137
16300 0.014857881397934857
16350 0.014946991330630197
16400 0.015581115581270379
16450 0.01638332842130646
16500 0.01502291182349289
16550 0.014276209525100295
16600 0.014162584811098685
16650 0.015458562740783787
16700 0.015746643782314333
16750 0.015064273532567993
16800 0.015143914456365435
16850 0.017989065804125494
16900 0.014598420747238735
16950 0.015806216864899397
17000 0.02164782106522835
17050 0.01417554322914349
17100 0.017091797181187404
17150 0.019221568964748123
17200 0.014511069264076668
17250 0.01376143310403271
17300 0.015800947227310718
17350 0.021391092901512476
17400 0.018025521806713428
17450 0.013978292637317353
17500 0.016311027031194192
17550 0.017542989610436426
17600 0.01610160030199737
17650 0.014894830193891338
17700 0.014797626710928984
17750 0.014419203796970544
17800 0.013889401544732926
17850 0.014049539747228692
17900 0.016505655623601432
17950 0.013848218320964029
18000 0.017618610167230785
18050 0.015820310667593238
18100 0.01449419305588438
18150 0.01402046779885788
18200 0.01367065725693124
18250 0.014810278623644896
18300 0.016005566100322867
18350 0.013858031039360254
18400 0.0134874103645229
18450 0.01624636637753978
18500 0.014890511643432905
18550 0.014218790555046502
18600 0.015079798965781918
18650 0.01749331457104909
18700 0.016660569850094502
18750 0.014780937993879965
18800 0.014411576919491569
18850 0.01315930288244031
18900 0.015977664993188406
18950 0.013690352826975987
19000 0.029011030038772062
19050 0.013040194523726864
19100 0.014090892622962623
19150 0.013879427784108968
19200 0.019761478327896896
19250 0.021188186449676252
19300 0.014045560010550491
19350 0.01601655871025452
19400 0.01963866366109703
19450 0.013263122927362803
19500 0.014633265802736918
19550 0.013780369348050036
19600 0.013662525538357426
19650 0.012475537315916035
19700 0.016393944287276366
19750 0.014012357646048643
19800 0.013993130117152633
19850 0.01379072902590151
19900 0.013406711020997268
19950 0.020300007546560448
20000 0.012759677313084044
20050 0.012626556024346017
20100 0.01429858460982163
20150 0.013646123672433237
20200 0.013571625498953221
20250 0.012935838489308954
20300 0.012860183243564308
20350 0.016948233489324848
20400 0.015582747136891046
20450 0.013425033970657209
20500 0.014096986450072208
20550 0.014811826307096904
20600 0.01249676278417122
20650 0.012645744133212102
20700 0.013955388505302535
20750 0.012899856050596075
20800 0.012075816328913046
20850 0.012229397665947023
20900 0.013561722394156447
20950 0.015113958256039797
21000 0.012454857245419119
21050 0.012382172527310688
21100 0.017915944667354567
21150 0.012243025286508986
21200 0.012260002969855589
21250 0.013495397119024869
21300 0.012271174205255269
21350 0.018184885094514613
21400 0.012933170703606903
21450 0.014325162636498492
21500 0.014642538861236442
21550 0.011907804876088422
21600 0.016364975859486375
21650 0.012331307052008859
21700 0.012611294269680304
21750 0.012120641002177917
21800 0.014399475025274661
21850 0.012178163226945904
21900 0.013478456786736545
21950 0.013239382215470311
22000 0.012592072035051399
22050 0.016715859713972357
22100 0.011626312265611246
22150 0.017433722160908743
22200 0.02345785986365725
22250 0.012640543572844234
22300 0.012477947032808077
22350 0.011406455371359597
22400 0.012164352597575912
22450 0.011723068026056901
22500 0.01205165183308298
22550 0.012222239656717825
22600 0.012321057086483268
22650 0.011831307601531919
22700 0.012809643948736252
22750 0.011890017749391775
22800 0.011697746936740994
22850 0.011764959905484117
22900 0.012416524477764486
22950 0.01147778137377774
23000 0.012534754283084471
23050 0.01564939110214591
23100 0.01386225143952648
23150 0.011895799867624788
23200 0.012481629134457222
23250 0.01890236358182215
23300 0.015532294493930138
23350 0.016120898060323005
23400 0.011678127455556936
23450 0.01700348764758268
23500 0.011688565457308647
23550 0.012576725500449758
23600 0.021036956462424615
23650 0.013966755777949416
23700 0.01921446820072345
23750 0.011644869564198704
23800 0.016960870438755615
23850 0.016164612166789636
23900 0.01419752253163562
23950 0.011727631255641718
24000 0.012169403536023646
24050 0.011655364690940397
24100 0.012059468362155516
24150 0.013591210665907344
24200 0.013727856576675366
24250 0.01486473002417287
24300 0.012658931464730558
24350 0.011330445830875068
24400 0.014239095458452774
24450 0.012464046220136103
24500 0.018654163423116706
24550 0.01107604443547641
24600 0.012331017040727381
24650 0.012244663912264475
24700 0.01468582296870485
24750 0.014683221537664772
24800 0.011668849469084886
24850 0.011735266456796851
24900 0.0156782723423423
24950 0.01916948822538248
25000 0.011442532926246338
25050 0.011224973598259342
25100 0.01129902257750903
25150 0.011610941628989114
25200 0.011024019662609033
25250 0.010952487391506978
25300 0.011288129141561075
25350 0.010757696844651736
25400 0.01583483099091824
25450 0.014403668277995945
25500 0.013373820118651075
25550 0.012225017242789404
25600 0.011202646527932498
25650 0.010740788761440996
25700 0.010604527470080737
25750 0.010418269977666832
25800 0.010473935597025724
25850 0.013205307933423699
25900 0.010885464258500248
25950 0.0124242510305192
26000 0.013132152856589
26050 0.010333444581709168
26100 0.013128120846193293
26150 0.01835591848447397
26200 0.012013135842641754
26250 0.013331473959571594
26300 0.011279382234047636
26350 0.010738170682722226
26400 0.020748267341881888
26450 0.01569914241629769
26500 0.010596293092319221
26550 0.010388400129095789
26600 0.010245462558631352
26650 0.010796868888764901
26700 0.014963505530760444
26750 0.014475040717935197
26800 0.012513358097820568
26850 0.010596365183558054
26900 0.018377174433597578
26950 0.010258780380842424
27000 0.015250495757599484
27050 0.0116574192150258
27100 0.013169574288105152
27150 0.01044749563418023
27200 0.010590097934871562
27250 0.011598052455958123
27300 0.010621876336354726
27350 0.01298258226808283
27400 0.011712272577815508
27450 0.01035826192810143
27500 0.012872281605873231
27550 0.009994300798437413
27600 0.01021378364312519
27650 0.0103018370519908
27700 0.01027190267548072
27750 0.01123256398762952
27800 0.012301269796552371
27850 0.011282159898053038
27900 0.014234184006881742
27950 0.010686013763290102
28000 0.011341661793756435
28050 0.011975918406972924
28100 0.011846372785303256
28150 0.01148396408373486
28200 0.011195696856817051
28250 0.009801152922891063
28300 0.010354816062530177
28350 0.011718734062212254
28400 0.011633433705957328
28450 0.011329848238535148
28500 0.01167358159649674
28550 0.012507029675155363
28600 0.010437748819505157
28650 0.01861795115053276
28700 0.010193074822937553
28750 0.013002930015847826
28800 0.014442849636302942
28850 0.020011586454489232
28900 0.010097950325961842
28950 0.012192393997264503
29000 0.010657925934625999
29050 0.011463791275495511
29100 0.010346765548195998
29150 0.012936071889664917
29200 0.015038041607679438
29250 0.012046143872230857
29300 0.012332567811506991
29350 0.010702483736013202
29400 0.010735135665022969
29450 0.01260639186076808
29500 0.01402483866623587
29550 0.011579130922795338
29600 0.010722036573796228
29650 0.009575492107572598
29700 0.010529788258780667
29750 0.009433953446266985
29800 0.009608197470214757
29850 0.016571978598835337
29900 0.0122736495968675
29950 0.012555333241360104
30000 0.011640219757113528
30050 0.011450238056043834
30100 0.01065476848783655
30150 0.010259997949290263
30200 0.009474010667293968
30250 0.009848530036530585
30300 0.010783741211348478
30350 0.01339828868092575
30400 0.012244130049050467
30450 0.010272276616671239
30500 0.012512088506241923
30550 0.010125222548982706
30600 0.009360007917767426
30650 0.0094419398800267
30700 0.01748734677856914
30750 0.014317623047309457
30800 0.009774763474214654
30850 0.009095998088973701
30900 0.009442973976007926
30950 0.009450863050553877
31000 0.009204728606464433
31050 0.011571328186733575
31100 0.009662961784542764
31150 0.009651041510544252
31200 0.009293099085548677
31250 0.012057562972895673
31300 0.009224908163166833
31350 0.00933494157353303
31400 0.009040861665853796
31450 0.013277074256137961
31500 0.011424897107390752
31550 0.00929745320752529
31600 0.012746736250753263
31650 0.009228532057401652
31700 0.012991904408044725
31750 0.01966856669586321
31800 0.009321009545726226
31850 0.009025497502849637
31900 0.009809598123032634
31950 0.011201345077693974
32000 0.011180486329987535
32050 0.009180101763295359
32100 0.011496074388024797
32150 0.012598519486436675
32200 0.010044826343537695
32250 0.010221500330214038
32300 0.00964248909727461
32350 0.010089701112068899
32400 0.011067867142876825
32450 0.009184072246735463
32500 0.011331529214869969
32550 0.010421536140380312
32600 0.01149368567389114
32650 0.01786487683321011
32700 0.009006390218993162
32750 0.011199962842948288
32800 0.009057705375976789
32850 0.010045993767263717
32900 0.010686141289337177
32950 0.013350240975693674
33000 0.008591330818175395
33050 0.008992811649669979
33100 0.011689229331990946
33150 0.00916640402387017
33200 0.0110476884577625
33250 0.009462872948212136
33300 0.010391445135824098
33350 0.010666502423536471
33400 0.009190643904740597
33450 0.009621128667775522
33500 0.009964284747912949
33550 0.00934982635181397
33600 0.009672723708894118
33650 0.011461521306807377
33700 0.00933549702572788
33750 0.01049173371208675
33800 0.014637414120410584
33850 0.01226272069642575
33900 0.011871313813599616
33950 0.011277318858604963
34000 0.016074556184206452
34050 0.010186745584852773
34100 0.01596887141641416
34150 0.009155424663590914
34200 0.017310240288004004
34250 0.01334979254069752
34300 0.011642898400330986
34350 0.02269509063459129
34400 0.00962103101975527
34450 0.009929055499678981
34500 0.013714150878906258
34550 0.00953680713837548
34600 0.009899081610453575
34650 0.01046523314724082
34700 0.01024067865276161
34750 0.009450550572917606
34800 0.009576592652461293
34850 0.012936822515881958
34900 0.009157128617452059
34950 0.00993453027923415
35000 0.01915305547157348
35050 0.011324382586078357
35100 0.009240326227710446
35150 0.010011455242543413
35200 0.010388738247232377
35250 0.009054853869808614
35300 0.00963376154519956
35350 0.009574751047149598
35400 0.012082290535257393
35450 0.018050519757515975
35500 0.014021091922178317
35550 0.01634104620045689
35600 0.008890828352008379
35650 0.009321581224205658
35700 0.008980651242469726
35750 0.009138216333021077
35800 0.009665383598204532
35850 0.008933591660757452
35900 0.008436112637637005
35950 0.008632152186373046
36000 0.008641574023259003
36050 0.010719897962460099
36100 0.01018110802195098
36150 0.009022230516470942
36200 0.008997518489355733
36250 0.010762729005131977
36300 0.009166407820728566
36350 0.008419761179706392
36400 0.009330481209667717
36450 0.012350363384846243
36500 0.009983698696217517
36550 0.011244078004007115
36600 0.00945278196362241
36650 0.008743858172625204
36700 0.010922812750480211
36750 0.012222425672685716
36800 0.009177705266655609
36850 0.008853831760948026
36900 0.010614347745363708
36950 0.01632044387704735
37000 0.015625978559903504
37050 0.00935260385852793
37100 0.008874579260107183
37150 0.008939139217833361
37200 0.00851465467211994
37250 0.009811529548227926
37300 0.009021301215644362
37350 0.009656710896698227
37400 0.008162134104194602
37450 0.00850888528869975
37500 0.008598902231700914
37550 0.008721122837024838
37600 0.008191312361866042
37650 0.00936415108288475
37700 0.008917486488741529
37750 0.008369823969664713
37800 0.014362250440833644
37850 0.02091114177906143
37900 0.011033724320803384
37950 0.010037152600024475
38000 0.01695399182075862
38050 0.014816302801715071
38100 0.015957933862054234
38150 0.014389979774594705
38200 0.008281343394687847
38250 0.011092705537277439
38300 0.010277873057582026
38350 0.016065648854669105
38400 0.011348621117508298
38450 0.008839677360723311
38500 0.009485280090720374
38550 0.01687195651993105
38600 0.009951431101566205
38650 0.008857765367272272
38700 0.008915548193660984
38750 0.008928571163517111
38800 0.008934140770882703
38850 0.00872691371303088
38900 0.013977777592314052
38950 0.00881836897999184
39000 0.017555493869088987
39050 0.01241352727263281
39100 0.008626986094048862
39150 0.008661740841681117
39200 0.00821058038728623
39250 0.008266194085983192
39300 0.009924469036143654
39350 0.014404114778937684
39400 0.009313552132369786
39450 0.01540772879060247
39500 0.010255448130477254
39550 0.009125121423214309
39600 0.014003020542598412
39650 0.019906871868982774
39700 0.009994888681448759
39750 0.008490293188507978
39800 0.012903503738255464
39850 0.009570509066817485
39900 0.012600979919933392
39950 0.008281451001116125
40000 0.008985517394007686
40050 0.010153861323838945
40100 0.009360232970620526
40150 0.008234085438947443
40200 0.00847037008727413
40250 0.009376522324431829
40300 0.011067252281312426
40350 0.011111139811866686
40400 0.00847380063699334
40450 0.008545705372034099
40500 0.008530043305177206
40550 0.008595852089834674
40600 0.010505855745879684
40650 0.009473282160169474
40700 0.00885412905761143
40750 0.008418098571778243
40800 0.011177750546035729
40850 0.010284711823584213
40900 0.009062598044989994
40950 0.009173225583219433
41000 0.008977972890916647
41050 0.008230024821742255
41100 0.010441391510802383
41150 0.011535112719383985
41200 0.011467942461461836
41250 0.009330006075752772
41300 0.008879368250755687
41350 0.008680350713025328
41400 0.007985171638216049
41450 0.00868443430146497
41500 0.009949974236832214
41550 0.00839979046270803
41600 0.009848514034196452
41650 0.009685612302540603
41700 0.009867842254903229
41750 0.009964718846551392
41800 0.010076408922808052
41850 0.007903669327480585
41900 0.007998178918724307
41950 0.00836872213030389
42000 0.008249934576264889
42050 0.0075306001053271196
42100 0.008018899894875602
42150 0.009185380813379464
42200 0.010680422500113971
42250 0.009531343003919978
42300 0.013222551568556624
42350 0.013585828353534668
42400 0.008281110334563429
42450 0.00772437139090463
42500 0.008463749149079977
42550 0.009047311864666757
42600 0.007927561938096267
42650 0.007625461713133862
42700 0.007484418843415322
42750 0.00788872055077546
42800 0.009342761780080545
42850 0.007543320348047928
42900 0.007567015887732084
42950 0.008116346402348226
43000 0.007454544645785452
43050 0.007747321754460703
43100 0.010211323831090505
43150 0.007888669814629823
43200 0.008365149376450583
43250 0.00765998538719811
43300 0.008120409677705802
43350 0.007708343289112678
43400 0.007804509739653067
43450 0.0076645478290064215
43500 0.007719441882534598
43550 0.012790533787128458
43600 0.011392755491484012
43650 0.008102600667915273
43700 0.00777458400806827
43750 0.00767859160166418
43800 0.008810268577997223
43850 0.007980572202752365
43900 0.00765166930904427
43950 0.007676995261779588
44000 0.007583957360848319
44050 0.008285962767077859
44100 0.007630707133782941
44150 0.008500940326476412
44200 0.008870577194810488
44250 0.012035758516947947
44300 0.010143974917341553
44350 0.01016778844289238
44400 0.007466339750985678
44450 0.008350181212494994
44500 0.009086373242157051
44550 0.007441180461212518
44600 0.007500810366945329
44650 0.007623333458506337
44700 0.009687150512657996
44750 0.012584463145903996
44800 0.011720129213946804
44850 0.010460839876399116
44900 0.011102534969378818
44950 0.0077000738866533445
45000 0.0074710859155228794
45050 0.0076300467552590815
45100 0.007528318962472461
45150 0.007728483199952603
45200 0.009996420111490904
45250 0.009758690476321686
45300 0.007591895654474983
45350 0.00776316807851315
45400 0.007530642136396114
45450 0.007592312749766197
45500 0.007644435212970446
45550 0.009318459951687962
45600 0.007888782582323612
45650 0.00751100288843896
45700 0.0077202575475132235
45750 0.007743874699104283
45800 0.008538912934347869
45850 0.00786517598139328
45900 0.007417895945417869
45950 0.007289110370711347
46000 0.007397540603734261
46050 0.007543011935597158
46100 0.00785803486041242
46150 0.008482809395368078
46200 0.008923073181375705
46250 0.009197913862874763
46300 0.007746222396551708
46350 0.008546484394818558
46400 0.008344523805571755
46450 0.007910778306260092
46500 0.00875324469617261
46550 0.008550955195341565
46600 0.008045329516239045
46650 0.008492867144419389
46700 0.007520986270485048
46750 0.007689366885523684
46800 0.008423900579922044
46850 0.008369770128413986
46900 0.007641159915985065
46950 0.007438050921750258
47000 0.007725166565519391
47050 0.008078820142031894
47100 0.007478859894054382
47150 0.007471405337274714
47200 0.0072415838168441455
47250 0.008151928592851725
47300 0.007454243953074445
47350 0.007359341867104874
47400 0.007594015651812353
47450 0.007538820990314176
47500 0.007510811623635898
47550 0.00739668148218573
47600 0.0075037628084359586
47650 0.008103668408715016
47700 0.009075726470503894
47750 0.0074402016820725135
47800 0.00871938767701772
47850 0.007733189211781636
47900 0.008815518873553491
47950 0.008278541373047352
48000 0.0076592036193351455
48050 0.007549298557364974
48100 0.008031486078594921
48150 0.00726114183200501
48200 0.00745855022380889
48250 0.00804382620813532
48300 0.00894911158387312
48350 0.008274628784756011
48400 0.007608255146498733
48450 0.008451490690367883
48500 0.007639326500576662
48550 0.007416661834026767
48600 0.007275921325264855
48650 0.007712305811224088
48700 0.007426913637917644
48750 0.00789433861294781
48800 0.00789114036143438
48850 0.00761142435588388
48900 0.007481242038280454
48950 0.00783486831154519
49000 0.0076753685776085314
49050 0.008191919469187563
49100 0.00837466674346238
49150 0.007783539038719783
49200 0.008941434365397875
49250 0.00849872949191598
49300 0.008049129820538684
49350 0.008124738578085917
49400 0.008405811173529761
49450 0.008867718252298585
49500 0.008723635006746727
49550 0.011516774248666138
49600 0.01071321070165012
49650 0.012238347145037048
49700 0.010640368486262453
49750 0.011122043489503627
49800 0.00923633140565779
49850 0.007590728048874703
49900 0.008003644693658586
49950 0.008286339146319925
50000 0.007731550183169055
