50 0.9923792270042753
100 1.0032961479291027
150 1.001312219409516
200 1.00032448139142
250 0.999230592827185
300 0.9983621792162233
350 0.9975726110433041
400 0.9967557661557583
450 0.9959262561239864
500 0.9951560404061514
550 0.9941110743809308
600 0.9930020204696516
650 0.9918881066950164
700 0.9904945329632854
750 0.9886502989993706
800 0.9860596083857661
850 0.9825355648124027
900 0.9778369476314219
950 0.9715858709186742
1000 0.9628301970919761
1050 0.9506843931344366
1100 0.9363242592210872
1150 0.9189382517760909
1200 0.8945044853486123
1250 0.8522461617497664
1300 0.7800910401345572
1350 0.6673294822470086
1400 0.5477829942555354
1450 0.41864335838050964
1500 0.313631078968685
1550 0.3196070848223604
1600 0.20253481737638596
1650 0.26384641712900264
1700 0.1940723102793925
1750 0.13604530403744536
1800 0.10885876644895005
1850 0.16133767718355746
1900 0.13875686964511721
1950 0.1033692776116717
2000 0.09864895045253924
2050 0.09805436971820358
2100 0.09729677107443625
2150 0.0922597613792253
2200 0.1519688604483842
2250 0.10099844998971966
2300 0.08524140363577122
2350 0.08211967089224388
2400 0.08207676752047308
2450 0.08993593642227453
2500 0.08252295103974407
2550 0.07308506392191529
2600 0.21272856613543134
2650 0.11538972084998146
2700 0.07870856890755061
2750 0.07559534015957417
2800 0.07244551365389976
2850 0.12706901942494778
2900 0.10157749444051897
2950 0.07800673157806366
3000 0.06677202654487469
3050 0.06818021765479221
3100 0.07473483762551351
3150 0.06444875367194428
3200 0.06866773177509387
3250 0.09971183906050382
3300 0.05969410021468272
3350 0.05929196867754494
3400 0.06756281569462011
3450 0.06171955167907201
3500 0.10330602138501663
3550 0.055650277110867556
3600 0.05458324550582012
3650 0.06282762641964681
3700 0.07647340310648099
3750 0.05339771179958626
3800 0.04949349302109766
3850 0.15515328106204168
3900 0.06058658285050344
3950 0.048590407085598517
4000 0.048122704581590986
4050 0.13616532887838506
4100 0.053342883665330805
4150 0.048629076255926613
4200 0.04859727156943684
4250 0.04484255703096767
4300 0.051046043601210754
4350 0.04925009706358041
4400 0.10722329972764279
4450 0.1538739640471305
4500 0.05989343857347775
4550 0.045151376440268225
4600 0.044679267764698605
4650 0.040769401447834905
4700 0.09900849615375049
4750 0.04960319034789005
4800 0.039679181906990345
4850 0.036914658329006145
4900 0.08252951909029943
4950 0.07122267260444048
5000 0.0361662869776471
5050 0.03449951215340255
5100 0.03494106954802216
5150 0.03530793544725912
5200 0.03517381057758748
5250 0.03799268374545415
5300 0.03422507703095616
5350 0.032833145963050626
5400 0.030935917786917077
5450 0.03176596602253207
5500 0.029805862364572486
5550 0.03241380871886209
5600 0.02958295792478629
5650 0.027232635052972774
5700 0.026970230291263622
5750 0.028094369200647284
5800 0.02747711385778142
5850 0.025395336230097352
5900 0.024015185646648937
5950 0.02595121762375249
6000 0.025785934377984817
6050 0.03011582592747306
6100 0.030530340718659003
6150 0.021623509984361706
6200 0.022902836070883423
6250 0.024931986835627806
6300 0.02973398577611903
6350 0.021302553320576137
6400 0.028772969887937653
6450 0.028801053956821428
6500 0.019937539686778506
6550 0.020175115232274592
6600 0.02256783226407632
6650 0.025234710608655633
6700 0.022082465929919082
6750 0.019681138987248957
6800 0.02519509771018215
6850 0.019570418733168487
6900 0.019849955091334897
6950 0.020113078412816236
7000 0.018556250514152134
7050 0.01802899057059351
7100 0.019055739796804683
7150 0.021640386523773862
7200 0.027254721002097495
7250 0.017432071732229847
7300 0.025680779096677545
7350 0.018447097212732667
7400 0.018587237016321
7450 0.017472630575912338
7500 0.018895157007868993
7550 0.027670930897949787
7600 0.02616864743079887
7650 0.016337605329424614
7700 0.015552016273555694
7750 0.017908256128586916
7800 0.01673730644082096
7850 0.03674338547484057
7900 0.020419930336152536
7950 0.016292647888829958
8000 0.015963224126239895
8050 0.016424540622678275
8100 0.03808799077951078
8150 0.02710806742315178
8200 0.015578600150090511
8250 0.02105553625485158
8300 0.016919055627003892
8350 0.016255198661190788
8400 0.01640833520699638
8450 0.015729614197772756
8500 0.015229843696860963
8550 0.025475593438758787
8600 0.029031846894255236
8650 0.016030468514847945
8700 0.016391538953100904
8750 0.021805301289233848
8800 0.01587806631965638
8850 0.02312375067623411
8900 0.020954313703585012
8950 0.017729238920147928
9000 0.015104944564183076
9050 0.030908645644472193
9100 0.015505110484643854
9150 0.07320410586493567
9200 0.015766331092125527
9250 0.01933276860523946
9300 0.02103944529123862
9350 0.017461663592858216
9400 0.0252011014064707
9450 0.02612951445911309
9500 0.014746956177571949
9550 0.01628244255782232
9600 0.018475301704885417
9650 0.014073811115567504
9700 0.01735819669229946
9750 0.0225942088007688
9800 0.02616436836305168
9850 0.019689863584581135
9900 0.026540305074252524
9950 0.020313345304126748
10000 0.059582498409771055
10050 0.03233445286669319
10100 0.01533030289753201
10150 0.018622887414381128
10200 0.013860147092519088
10250 0.016183344100864715
10300 0.015239948114338006
10350 0.013953852742547648
10400 0.013943796318496328
10450 0.01437666402796361
10500 0.013860734136581085
10550 0.019447774611788853
10600 0.015309376398272592
10650 0.013711939944024691
10700 0.0159118851769929
10750 0.01734805357952885
10800 0.023929355574624892
10850 0.02636775905627927
10900 0.013322600653478369
10950 0.015388839146979395
11000 0.014206101097050464
11050 0.015041500707771159
11100 0.01564939316777992
11150 0.018562652857513757
11200 0.013090815285392203
11250 0.014455197056209273
11300 0.013502856707074356
11350 0.013195153994359842
11400 0.013161126546418496
11450 0.01688015391691582
11500 0.01358519266097152
11550 0.017800390412193164
11600 0.02067948816892498
11650 0.01640663917603673
11700 0.031068272186939278
11750 0.013646924802852149
11800 0.01300211090032474
11850 0.012764015597848085
11900 0.027095578608506064
11950 0.020786069662974475
12000 0.01495822764422595
12050 0.01864244739970895
12100 0.014574850004580718
12150 0.020332154053486394
12200 0.015550045693870695
12250 0.012746085451228777
12300 0.012428838521590956
12350 0.013365534869918786
12400 0.01562486769309949
12450 0.013367593367135442
12500 0.01586656550758945
12550 0.02263774658256931
12600 0.015184478818169115
12650 0.02017269181523395
12700 0.01340991391755404
12750 0.016128484985304923
12800 0.014266008571574403
12850 0.01647811313286944
12900 0.017512556157875316
12950 0.017907952924115376
13000 0.014318629100379319
13050 0.01840523427683239
13100 0.016600315446134925
13150 0.015431423280712817
13200 0.011857484396813636
13250 0.030584090577448132
13300 0.021047295342753722
13350 0.013149187254965541
13400 0.014675702416687158
13450 0.014296793845927375
13500 0.013640979527979245
13550 0.01267508633762821
13600 0.013366753958173454
13650 0.01730841634613324
13700 0.018482966404696047
13750 0.020399572386562998
13800 0.020083731325776788
13850 0.02602543880045102
13900 0.031227920471006372
13950 0.018021205448939502
14000 0.01185562357355528
14050 0.016608368665977938
14100 0.017690051619716353
14150 0.021155488445658274
14200 0.016396366749222024
14250 0.01661629221577729
14300 0.012198586978099026
14350 0.019185686573299582
14400 0.013743088318006746
14450 0.01639014823382142
14500 0.011305645107787761
14550 0.01232991888275579
14600 0.0339305831134784
14650 0.015462449916394144
14700 0.02684897543726753
14750 0.025602585257169897
14800 0.019846889498035508
14850 0.013047090334661103
14900 0.012899736330254175
14950 0.016328854443966926
15000 0.01711284168129893
15050 0.011024185621473944
15100 0.01172672091285924
15150 0.012056245844140263
15200 0.010488590459615215
15250 0.015302772250358197
15300 0.011379322917167542
15350 0.010062625413505001
15400 0.010873859029958525
15450 0.017563071403190893
15500 0.019344402270384763
15550 0.012703862133099942
15600 0.01707073696673459
15650 0.010687455984120632
15700 0.012950227721039032
15750 0.010326099149697647
15800 0.01143670677002353
15850 0.012210801531651855
15900 0.02445948071903482
15950 0.018870032324271892
16000 0.010230549744498519
16050 0.014762400449553483
16100 0.01969807920365466
16150 0.02592218259219931
16200 0.01859506873316519
16250 0.01865973561460634
16300 0.030336194927362885
16350 0.009585192994177925
16400 0.01168028028496254
16450 0.026603247433991617
16500 0.014421715866485788
16550 0.011275575685624985
16600 0.013202684856300252
16650 0.014565866850515913
16700 0.018716292871264754
16750 0.016692250002755787
16800 0.014701608080762638
16850 0.022747948670974228
16900 0.01204011318496137
16950 0.014249744622305174
17000 0.011997449772366876
17050 0.024961183191931954
17100 0.010178430441793075
17150 0.01236969788886276
17200 0.016987249715674776
17250 0.01566099452393286
17300 0.008775236005417499
17350 0.019214440892544468
17400 0.015524664554837385
17450 0.011450821537002985
17500 0.014277198610131417
17550 0.016844640609674597
17600 0.024109826514938638
17650 0.02427567801717584
17700 0.018832242694125628
17750 0.011227440533856362
17800 0.00933309869823247
17850 0.010886471179304618
17900 0.01086496014517718
17950 0.013846861424922917
18000 0.01508487758059996
18050 0.0172769564253336
18100 0.012389076123105422
18150 0.017658313145262363
18200 0.01476536756134589
18250 0.010147787534850664
18300 0.013107712442272624
18350 0.014110868664323676
18400 0.009757027279773666
18450 0.015461220680627922
18500 0.012343197862453702
18550 0.009822559094959622
18600 0.009442287917951304
18650 0.01601076853225849
18700 0.012032664737449536
18750 0.011555896932774694
18800 0.011718923229528692
18850 0.010119171694669452
18900 0.009678370522559914
18950 0.010018961966525568
19000 0.010402444406824172
19050 0.012920170707421252
19100 0.008917544267671227
19150 0.010525209551992772
19200 0.015771869255952777
19250 0.009428451364709958
19300 0.015046136120994374
19350 0.009779221935315862
19400 0.008770937168094252
19450 0.010475938522877756
19500 0.009119767414014476
19550 0.007690145612882421
19600 0.008231491303944358
19650 0.00768534116675785
19700 0.013799966399406723
19750 0.009795378598060777
19800 0.012326708459997403
19850 0.014329168466548123
19900 0.011401472515645182
19950 0.010338030497973546
20000 0.01025617154012722
20050 0.011968241866870693
20100 0.008047186846189085
20150 0.008629147115764065
20200 0.01705426287806077
20250 0.00988954703402614
20300 0.009365223215504287
20350 0.009727830921690482
20400 0.007959932528627594
20450 0.008424560672198449
20500 0.00855383399354507
20550 0.009147365150593577
20600 0.009928277042519494
20650 0.00744892656238738
20700 0.010468984630368494
20750 0.008222636262066846
20800 0.011948999921224836
20850 0.014575325166672844
20900 0.014938701589711128
20950 0.01928729437130219
21000 0.013311009930368805
21050 0.01907423324622242
21100 0.012858592162016898
21150 0.01287911501311234
21200 0.00858716078986868
21250 0.011456872021373975
21300 0.011485168530721275
21350 0.008454148361274016
21400 0.010496345840880007
21450 0.013092090255856354
21500 0.014380239534103998
21550 0.021535254121756154
21600 0.010700830345504373
21650 0.009464112176424427
21700 0.009254642956104623
21750 0.00861484294070702
21800 0.008578292984831076
21850 0.01058345398241376
21900 0.009307433823929331
21950 0.009913276671679155
22000 0.008580468176512876
22050 0.009376046882141536
22100 0.013438423297076322
22150 0.014417165416415172
22200 0.010065526576769495
22250 0.01439464206109025
22300 0.010964486165226755
22350 0.010447832282985006
22400 0.015391833129163384
22450 0.007262585118466543
22500 0.013666683648869318
22550 0.010789959413854551
22600 0.0104770053667851
22650 0.012397570260193997
22700 0.007350400446363911
22750 0.01013110464032014
22800 0.008683812917009153
22850 0.008161246077912658
22900 0.013342548653611926
22950 0.013210493920610866
23000 0.00874217803422291
23050 0.007720068815713709
23100 0.007252832611640406
23150 0.009599789204364877
23200 0.009165726911096878
23250 0.013113420272245952
23300 0.016455822032161876
23350 0.008235560876194663
23400 0.011849677429744932
23450 0.007734428128633494
23500 0.017290055685022433
23550 0.018150084101411373
23600 0.013425218097757985
23650 0.014521584594093435
23700 0.00969708500351627
23750 0.011458639321270767
23800 0.008226605599772086
23850 0.01736051576291596
23900 0.019635497078191358
23950 0.007142258876513537
24000 0.014328049478818465
24050 0.012817919597895376
24100 0.011977827571568529
24150 0.01314059427206841
24200 0.006884836342757621
24250 0.009496806480985618
24300 0.009137570894570343
24350 0.008843078299089095
24400 0.01362762919580435
24450 0.007700609440570237
24500 0.007703654966731036
24550 0.00984611258928318
24600 0.013449907004093625
24650 0.008644380386196842
24700 0.023691960777769038
24750 0.014096555660673426
24800 0.007875453037601754
24850 0.019935438540739387
24900 0.007381670785221906
24950 0.011911960336924475
25000 0.008196918372539273
25050 0.00651261336876441
25100 0.0076719099717427195
25150 0.006691121442914212
25200 0.007448787938126427
25250 0.007258265820219518
25300 0.007855888649915484
25350 0.009207869684909033
25400 0.014183625804594391
25450 0.0073108150507384785
25500 0.013365721233742401
25550 0.011383347264552356
25600 0.011486064340076199
25650 0.01427199676949206
25700 0.006445698964663011
25750 0.007617477176324518
25800 0.007242076731077598
25850 0.0072659587186107545
25900 0.006268440559131599
25950 0.017420638398222818
26000 0.014239366106873288
26050 0.006669907946110577
26100 0.012840036047810635
26150 0.0070710087663314256
26200 0.015046376014046957
26250 0.00953376861803317
26300 0.00800305235751172
26350 0.0075800086730819964
26400 0.008117959856151283
26450 0.009865304677977298
26500 0.008225636772987082
26550 0.011008339682581568
26600 0.007216114868269866
26650 0.021284724370197093
26700 0.006362158374845254
26750 0.009757249432195081
26800 0.007129745019304458
26850 0.0064756649802030965
26900 0.006991382070643256
26950 0.006692486939434591
27000 0.008012879805477876
27050 0.006705455538854849
27100 0.014517913255926692
27150 0.01437693289748998
27200 0.006801766345573227
27250 0.013823245319142611
27300 0.005884524181107147
27350 0.006186873481494565
27400 0.015474296706280432
27450 0.007179972132643564
27500 0.007090699681332884
27550 0.006965003961990046
27600 0.005767168643963548
27650 0.005627260286556933
27700 0.00614111901359662
27750 0.01820165981303897
27800 0.010016126689246238
27850 0.014073873503237872
27900 0.008101233555303554
27950 0.0072267995464901195
28000 0.00576047489057951
28050 0.013409237526862015
28100 0.009871597090493575
28150 0.026632962998316016
28200 0.013971683867755774
28250 0.009658448551526977
28300 0.00793236196526644
28350 0.010513690144871699
28400 0.006236305583836877
28450 0.020282686693408613
28500 0.007384660006873954
28550 0.017961358440473748
28600 0.006383340292412113
28650 0.009678363542240838
28700 0.005815530785499335
28750 0.007142475221154631
28800 0.0071129614026464345
28850 0.007705875059334367
28900 0.00881607248300624
28950 0.011069133532767977
29000 0.010913159810258276
29050 0.010871665872955813
29100 0.0077198340615690945
29150 0.011933465220313837
29200 0.009266202236025638
29250 0.0081511616503737
29300 0.010710738862036436
29350 0.007020282549687123
29400 0.007188233328250195
29450 0.008134256068563788
29500 0.00853298458550782
29550 0.010836505038345033
29600 0.013420182609619342
29650 0.018111489853273512
29700 0.013137773674831455
29750 0.014167759402359089
29800 0.008043317878777885
29850 0.008054211612129353
29900 0.007561059683059009
29950 0.007555173712549185
30000 0.013943925656997034
30050 0.014467291890961399
30100 0.008262481640993566
30150 0.007832130421908678
30200 0.007445344023567864
30250 0.006972845402273664
30300 0.007552645042092001
30350 0.009621438298141948
30400 0.009912604119228226
30450 0.008342459980555545
30500 0.01121231197264436
30550 0.006370829543096197
30600 0.010267952720607283
30650 0.008253579319953196
30700 0.012494967796325812
30750 0.006685834849689714
30800 0.0090040737256224
30850 0.012337878944268276
30900 0.008812504839705566
30950 0.00814597231725105
31000 0.007835294217896131
31050 0.006377065392154815
31100 0.006545317855507658
31150 0.006670543425399343
31200 0.014195766920885573
31250 0.0076434499342377905
31300 0.00984045920775345
31350 0.0066002274818401955
31400 0.0065938413647689915
31450 0.006485281726300534
31500 0.009794315227823376
31550 0.007958693287214805
31600 0.005783240082869358
31650 0.011593567407612755
31700 0.02287423962501127
31750 0.01737833485997744
31800 0.0055097455449037045
31850 0.005267533598013228
31900 0.008935679322600601
31950 0.005285390700327801
32000 0.006511545966847763
32050 0.010282083576209116
32100 0.010895331891425865
32150 0.013902184593608391
32200 0.011411424953028299
32250 0.006711673678655658
32300 0.009007170850062939
32350 0.009706846965703451
32400 0.0068405200161685935
32450 0.0246071616146971
32500 0.017763260066674447
32550 0.008288743868684962
32600 0.007983437788212127
32650 0.022220825355591948
32700 0.010016645904000357
32750 0.006311727958721399
32800 0.0062522737756075895
32850 0.013836965537835888
32900 0.00766761762621215
32950 0.00593959559823695
33000 0.011391393042161704
33050 0.015682282292719833
33100 0.010344912050450555
33150 0.013692472331354497
33200 0.006593974790246232
33250 0.0077912064804731675
33300 0.006674662721167018
33350 0.00750146389908004
33400 0.008666300298889623
33450 0.012433970223300702
33500 0.009648193989407666
33550 0.006701786428396579
33600 0.0057795306647799
33650 0.011173229626054803
33700 0.00799318720277776
33750 0.013273846158587203
33800 0.018345744125780838
33850 0.009949769016077217
33900 0.03489958540388937
33950 0.030534343424150682
34000 0.013666683780523905
34050 0.007885908425192741
34100 0.009336749484616734
34150 0.017142372950128815
34200 0.006001563564435534
34250 0.00799385834583387
34300 0.007423524583324782
34350 0.009121360518316392
34400 0.005617270745694427
34450 0.006285584280753301
34500 0.016298096550064194
34550 0.011094937701243113
34600 0.01396351647835416
34650 0.005045431655979168
34700 0.005807587338145409
34750 0.005772504714927895
34800 0.005010495876968259
34850 0.013436113266739783
34900 0.010238272528155713
34950 0.006748564625876913
35000 0.011042266927962069
35050 0.014932469980478985
35100 0.01914693138656768
35150 0.012257620872508276
35200 0.008566751477887206
35250 0.005888202314514222
35300 0.007164399211327205
35350 0.008477083857108157
35400 0.008314579202085913
35450 0.0130168035650666
35500 0.005391468369056423
35550 0.00530322502650339
35600 0.007349130430974496
35650 0.005503340061682411
35700 0.0065637515621184426
35750 0.013215010204368913
35800 0.008670297517475382
35850 0.007028607028432377
35900 0.0063519886912821386
35950 0.006235183951777649
36000 0.012002977897826783
36050 0.00934667538475344
36100 0.011970959100546616
36150 0.013234615472437558
36200 0.010716274081320004
36250 0.00799495464068334
36300 0.008367934026664211
36350 0.014525950259565212
36400 0.010718337285079621
36450 0.006146177644643892
36500 0.0054418206597359655
36550 0.0058173007580812845
36600 0.005250022119520852
36650 0.006694754149726872
36700 0.009278234765191838
36750 0.00528009203684599
36800 0.010355894157942063
36850 0.011493247179070892
36900 0.005515572653835706
36950 0.007697400846203037
37000 0.009790153388463178
37050 0.004961062386866446
37100 0.005294453121032454
37150 0.00608930380707156
37200 0.014397041513388916
37250 0.013495950740298796
37300 0.007831025285414546
37350 0.005030746707885402
37400 0.014159784020764997
37450 0.005760252782067446
37500 0.0061250270344714915
37550 0.0074432113046760074
37600 0.007163595357503209
37650 0.012210433529757451
37700 0.005177285174886384
37750 0.0065855422278599494
37800 0.004608183300618581
37850 0.00625710529322532
37900 0.007839720743734927
37950 0.007973741662078081
38000 0.007031151980798626
38050 0.004993390559285746
38100 0.006952559397529033
38150 0.005386457538387304
38200 0.0054992281790893814
38250 0.006928729393365831
38300 0.004673191511644077
38350 0.005650521701946677
38400 0.005117953729865832
38450 0.005134304495404205
38500 0.00949819666001454
38550 0.008407605478349234
38600 0.006156125010275544
38650 0.009957334674187092
38700 0.005766699611448
38750 0.011102588109899777
38800 0.009641625079413801
38850 0.00902855962483802
38900 0.005580420222948976
38950 0.008634918515239216
39000 0.0058847526984012345
39050 0.01042236761211635
39100 0.005242281946052442
39150 0.007321593909843965
39200 0.010124165332103746
39250 0.008506490323533001
39300 0.006383226422023888
39350 0.006770780821174255
39400 0.008678960144277279
39450 0.005298653545733211
39500 0.0048866132063897505
39550 0.006164162722782733
39600 0.006298681995993465
39650 0.004969975152359918
39700 0.013956778960283111
39750 0.00509328060451515
39800 0.010862063699310417
39850 0.00960184561898097
39900 0.00823659053667915
39950 0.013042720861829622
40000 0.009943191563950194
40050 0.007008262950608018
40100 0.01731725734975077
40150 0.012757585243249674
40200 0.010244469358378382
40250 0.01402420011602582
40300 0.014494781411503153
40350 0.014562702633151209
40400 0.008944562285886297
40450 0.0048247711468056695
40500 0.009267644312347906
40550 0.00902077073617381
40600 0.0051806247399674805
40650 0.00570035635456067
40700 0.00580958803330606
40750 0.005316172683733654
40800 0.004963243432030025
40850 0.011607978328188997
40900 0.00959670582019705
40950 0.004877080878333416
41000 0.004865298281884568
41050 0.00549923506166885
41100 0.010610022165437997
41150 0.011245195566011935
41200 0.011283817461626329
41250 0.009436050341708784
41300 0.010444126008680084
41350 0.0046775333332357664
41400 0.0051213662906802165
41450 0.005875198287554899
41500 0.004975247993682345
41550 0.005867677400857757
41600 0.005603601410217221
41650 0.006359570952666646
41700 0.012229898418614382
41750 0.008521204042800757
41800 0.005814044444975502
41850 0.005901241062464639
41900 0.004783445769782161
41950 0.006100633390367742
42000 0.0057170380979188525
42050 0.007458049625082747
42100 0.006491906874243369
42150 0.00580333197128418
42200 0.006031745622874251
42250 0.005229183203457718
42300 0.0069189964189033245
42350 0.0052501079255911735
42400 0.006496265506816494
42450 0.007374585442328443
42500 0.00473393230731941
42550 0.006821683419648587
42600 0.0050530736418554914
42650 0.005652667204745235
42700 0.004412853748509866
42750 0.005510123599520769
42800 0.0046556578259737205
42850 0.004978347121355092
42900 0.004588629327116652
42950 0.007289024292347565
43000 0.014330838804501426
43050 0.010710164764348879
43100 0.009121341000040615
43150 0.006791649714496515
43200 0.006713525933334859
43250 0.005547516741622679
43300 0.005805160718334018
43350 0.007318168222132618
43400 0.004800311355051923
43450 0.004926768434853011
43500 0.007988427850022125
43550 0.0075066803974282075
43600 0.00512664873579316
43650 0.004412518308119244
43700 0.004935911947856343
43750 0.007124076745087909
43800 0.00781364928112216
43850 0.005279292565265282
43900 0.009787987544415771
43950 0.005876354479560018
44000 0.005392505197590489
44050 0.004720278747973515
44100 0.006612445159052705
44150 0.006129365887583108
44200 0.008195222847594063
44250 0.007957500921425368
44300 0.011267945760133565
44350 0.011539571468545142
44400 0.009162331624122857
44450 0.004430787076520247
44500 0.00501485821814003
44550 0.004717774504504271
44600 0.00486410401137457
44650 0.004857423907472549
44700 0.005969870483854132
44750 0.004815138628076969
44800 0.004706563401606281
44850 0.008369342613171887
44900 0.00968735186851564
44950 0.006966864146030325
45000 0.011169071120286422
45050 0.009571275053132064
45100 0.010837984135385316
45150 0.010094997662617825
45200 0.006646335159003178
45250 0.00707997154727618
45300 0.0058508008766024735
45350 0.005504418844936783
45400 0.004731972167687139
45450 0.004983936683569349
45500 0.007004599694881055
45550 0.006322866940361973
45600 0.006496939653215575
45650 0.004546124735555143
45700 0.008291969045373828
45750 0.007867758980263253
45800 0.007192036800338357
45850 0.004857483315013879
45900 0.00838024165810738
45950 0.0076444282516834995
46000 0.008737960987853382
46050 0.011016015253385034
46100 0.012819116806996544
46150 0.01102081498040001
46200 0.007710789802459073
46250 0.010605212878514134
46300 0.01243952559250479
46350 0.012769046507415144
46400 0.014171060972816722
46450 0.011250134594186171
46500 0.011732620414591378
46550 0.008459502397881359
46600 0.006367417539400359
46650 0.006506673537024407
46700 0.006454895159275017
46750 0.004731760227341746
46800 0.0047844150883161254
46850 0.004729990322356634
46900 0.00510455602201922
46950 0.006058718840519201
47000 0.005851939915192166
47050 0.004869734936332543
47100 0.004634360084780823
47150 0.005174702668926056
47200 0.0046987912552838695
47250 0.006518401061888619
47300 0.005334251880813067
47350 0.004876060063225392
47400 0.005271320004560716
47450 0.004710331810489857
47500 0.005422981722628866
47550 0.006767578117341284
47600 0.004822826741032941
47650 0.00921867587578337
47700 0.01096191548667453
47750 0.009767922252927582
47800 0.007624180366181672
47850 0.005815099009877825
47900 0.005737745721720606
47950 0.007788175238255814
48000 0.010679065829751233
48050 0.008926663898824537
48100 0.00816271125893464
48150 0.011741119215898108
48200 0.010972132259511951
48250 0.007116894698215203
48300 0.007997362223222892
48350 0.009699856341289888
48400 0.00629981197552652
48450 0.0053293501829505706
48500 0.007265031365438
48550 0.005139324837848878
48600 0.004943106442020967
48650 0.004612381392388487
48700 0.005237419683002053
48750 0.005332995739682147
48800 0.00441960372284958
48850 0.004596180502563383
48900 0.00449257002864498
48950 0.004412514310681528
49000 0.00525758600611653
49050 0.007050919839355489
49100 0.00766509511624797
49150 0.006307924459170274
49200 0.006729446319821832
49250 0.006276876104064209
49300 0.0044794255049657086
49350 0.0049732298258557475
49400 0.00462310268789524
49450 0.006768800415686755
49500 0.0116278489236999
49550 0.013723000453235712
49600 0.008815825794458875
49650 0.0059353617059156255
49700 0.006357364293316112
49750 0.006678193422440934
49800 0.0062731462995104575
49850 0.007767945572743464
49900 0.009186608495956027
49950 0.004632976862409265
50000 0.004584681146012663
