50 0.9891974536027024
100 1.002024154420393
150 1.0014682377126258
200 1.0005873408975843
250 0.9998972959784903
300 0.9994135209243603
350 0.9989284543696498
400 0.9984873895680667
450 0.9980753222249013
500 0.99770554744808
550 0.9972603276314423
600 0.996997783771092
650 0.9966719731396482
700 0.996315220515287
750 0.9959375899094061
800 0.9956226035966645
850 0.9952623224393133
900 0.9948996995571934
950 0.9944251555321043
1000 0.9940341733077181
1050 0.9933783425994859
1100 0.9925384646073592
1150 0.9911932077051494
1200 0.9890833648205797
1250 0.9856867998199786
1300 0.9806505705513089
1350 0.9730804600610378
1400 0.9610738053720854
1450 0.9429068825148933
1500 0.9137109032240008
1550 0.8570597945111746
1600 0.7623438130974356
1650 0.650721448152016
1700 0.5471241482596179
1750 0.4170437002605458
1800 0.3417831289747185
1850 0.3032781414277497
1900 0.26932206623178495
1950 0.22080715976905876
2000 0.1778433742226627
2050 0.16483859685160476
2100 0.12844902943275274
2150 0.15869007563159573
2200 0.12451504432947241
2250 0.13262752538995173
2300 0.1114748062883445
2350 0.18000140947352458
2400 0.1210224668390069
2450 0.09534175656647302
2500 0.11328258601495718
2550 0.10439999133238839
2600 0.08535793164989502
2650 0.10373173327209316
2700 0.10183672230290887
2750 0.0730634896700773
2800 0.11446343526346109
2850 0.0973786947982635
2900 0.060459865638585956
2950 0.055724934212077006
3000 0.07488737737721207
3050 0.05369010093271757
3100 0.0487977044586047
3150 0.05607255948751092
3200 0.06974400325937342
3250 0.07802582732529802
3300 0.04479470385530611
3350 0.05254223543015302
3400 0.048041736446547294
3450 0.04693746442724981
3500 0.06459910642715437
3550 0.045177798916261086
3600 0.06576050399172119
3650 0.039837607795957915
3700 0.057951685526817114
3750 0.048083021697844675
3800 0.03837743003317212
3850 0.046880679941925414
3900 0.042435061970880636
3950 0.06954916796365283
4000 0.045464430706600965
4050 0.11458299958828365
4100 0.04029436220186506
4150 0.03241944623140376
4200 0.08230754674128678
4250 0.05036802273086809
4300 0.03184622677718533
4350 0.03727786772524022
4400 0.09001395177405135
4450 0.07158327766543787
4500 0.03153185255355276
4550 0.03266825222776137
4600 0.029558693332165015
4650 0.07786633968864962
4700 0.044080826542033644
4750 0.02814950307127208
4800 0.03204657648058176
4850 0.03960113466994644
4900 0.03159458826954161
4950 0.033104624193704156
5000 0.163474193461872
5050 0.08848160066285202
5100 0.0505181748551946
5150 0.03288408618252043
5200 0.028796092853590066
5250 0.028396296659868068
5300 0.027074209858844442
5350 0.028818722795679316
5400 0.02706843285622768
5450 0.02750049980394494
5500 0.025298380425147295
5550 0.025439570662226067
5600 0.026108878247421235
5650 0.025121943991075774
5700 0.02489536414497148
5750 0.024740111972909686
5800 0.0228589225218314
5850 0.023358426027267738
5900 0.02361362562089659
5950 0.023126792815340125
6000 0.02388425880619682
6050 0.02250107173256562
6100 0.026529998354163982
6150 0.023250640501947962
6200 0.02282144288585227
6250 0.022324995460754556
6300 0.02852312348210223
6350 0.023069301192825426
6400 0.02492036298514332
6450 0.023183572300862654
6500 0.02805211029277851
6550 0.03717039380433291
6600 0.024658756444422607
6650 0.021297314707110618
6700 0.03231455423349702
6750 0.023515335894200004
6800 0.026279559115146123
6850 0.0324326479112814
6900 0.02407428660384479
6950 0.02678372414033707
7000 0.02307699081875007
7050 0.02173985766943411
7100 0.021575571015197165
7150 0.023153058307508488
7200 0.027115082436003163
7250 0.021839161448053514
7300 0.022238190006997012
7350 0.022255269071903682
7400 0.03267841883437537
7450 0.022390281147901144
7500 0.025677148972293205
7550 0.029168631102682866
7600 0.04475865040098126
7650 0.0447182570788003
7700 0.030486816693073248
7750 0.020849436569232487
7800 0.023105444863180894
7850 0.026236008618042976
7900 0.021745469793528135
7950 0.03213709179451178
8000 0.04032695106874724
8050 0.031940347183857944
8100 0.020614752531164605
8150 0.03781676317470089
8200 0.05212217004241037
8250 0.02418159493491721
8300 0.023562082291924927
8350 0.022377631092382645
8400 0.021888223762788733
8450 0.021978890882098687
8500 0.023109549951190727
8550 0.023905380814448398
8600 0.022908374513843137
8650 0.02826724338251965
8700 0.025234892903380973
8750 0.03851278383441393
8800 0.02122882778662857
8850 0.027293511361929222
8900 0.027092103804592264
8950 0.02032598036609358
9000 0.02012330969724341
9050 0.02244034411205839
9100 0.027768482941895215
9150 0.019514622598200086
9200 0.03550525690577136
9250 0.021391768712685808
9300 0.02083331799001828
9350 0.023289958558844446
9400 0.019732452720955203
9450 0.02058034276558573
9500 0.024823156742896216
9550 0.03327517705531342
9600 0.02884677162897145
9650 0.019867524000268196
9700 0.01884773265744691
9750 0.021155933184263596
9800 0.02306238366587973
9850 0.023540101100602975
9900 0.028565387238737614
9950 0.026308175121856937
10000 0.02938271934577646
10050 0.027809258656098335
10100 0.023041278887728563
10150 0.021354989597042528
10200 0.021705738105899534
10250 0.01918843075231022
10300 0.019080712705017707
10350 0.019185241310076085
10400 0.01897347345272288
10450 0.019860639929795976
10500 0.018921254380056953
10550 0.01935486042837163
10600 0.021761838171660827
10650 0.019388322000806594
10700 0.01975018487920249
10750 0.018842341490616355
10800 0.018455597644967726
10850 0.02793454537991942
10900 0.023190469815192405
10950 0.018444861840733903
11000 0.018261831642194172
11050 0.01801999439307951
11100 0.01815783831590185
11150 0.01828052156675248
11200 0.021489565807780234
11250 0.018499080058728426
11300 0.01782820472480242
11350 0.017167947093860915
11400 0.019374048692438462
11450 0.023700670983964656
11500 0.017967227721859033
11550 0.03052492331240228
11600 0.026288408382876414
11650 0.02154866249385236
11700 0.01765646781492037
11750 0.020391545693507127
11800 0.023876155407973033
11850 0.018002434351092004
11900 0.021547725337094033
11950 0.018314895178454273
12000 0.01707885640027284
12050 0.017668715555970185
12100 0.017194187198864862
12150 0.017050686084682364
12200 0.01705022075358222
12250 0.017295212781695272
12300 0.017935639456132448
12350 0.017760752381790652
12400 0.0209957609523605
12450 0.020880398089029053
12500 0.016173931533687257
12550 0.018022305838929855
12600 0.016660617818520705
12650 0.020567118971153105
12700 0.016758840136593324
12750 0.01672522179172909
12800 0.02245234513744376
12850 0.01789593409291203
12900 0.01714399346042999
12950 0.02285809004070415
13000 0.017502228154516384
13050 0.016802284134050972
13100 0.01775734129402401
13150 0.018304219811640033
13200 0.016097627100547116
13250 0.024224270595108944
13300 0.024685729253030794
13350 0.01685988016757433
13400 0.02122317556021013
13450 0.0166102352402295
13500 0.016187397385617572
13550 0.016014552117447803
13600 0.021227568631047505
13650 0.024633064189151115
13700 0.027946643291171913
13750 0.0159850782038204
13800 0.01879168469574618
13850 0.015869687939638926
13900 0.015775461160597398
13950 0.015995439735898394
14000 0.019756076872019714
14050 0.016581958922273588
14100 0.01627904936519796
14150 0.016562117575522912
14200 0.01843279104797837
14250 0.017149432162280064
14300 0.01948654571853087
14350 0.015521219557881149
14400 0.018061548110504533
14450 0.017099703746196168
14500 0.02257121705112688
14550 0.02177028868342828
14600 0.01529019787089583
14650 0.017769946426818846
14700 0.015090766897405546
14750 0.018497289296840604
14800 0.01602839984816167
14850 0.015032558376521376
14900 0.016578925232915896
14950 0.0230001447544788
15000 0.017875896488193217
15050 0.017582799409713197
15100 0.014952170042684433
15150 0.02306643737184341
15200 0.023529931179339835
15250 0.0189418303609793
15300 0.018197038770804426
15350 0.01552532372848886
15400 0.016442216568427495
15450 0.02164038241309639
15500 0.01778762974899259
15550 0.017352178616697828
15600 0.015825039586392236
15650 0.015923727115716872
15700 0.016782608025710737
15750 0.01827152418194754
15800 0.015823820359949628
15850 0.018698477172821706
15900 0.015518949862119491
15950 0.01431966559564412
16000 0.016078875129418402
16050 0.018712016802891335
16100 0.018000646286449293
16150 0.017503413333203214
16200 0.015093363278272669
16250 0.017996079086504104
16300 0.015041686107102567
16350 0.019612100951190082
16400 0.014737386156885716
16450 0.01720741550879388
16500 0.014783721802831775
16550 0.01576640429901583
16600 0.015025219762220914
16650 0.016800299052415035
16700 0.01591001543818783
16750 0.014550820686998702
16800 0.01408862824587445
16850 0.016047246140534287
16900 0.014689603019297568
16950 0.013743072764258173
17000 0.01366305249583856
17050 0.013665205657187828
17100 0.01586478137396278
17150 0.014282346094671002
17200 0.013495342421143065
17250 0.013822146602501735
17300 0.02181578047766339
17350 0.01376947419499569
17400 0.013008412589075051
17450 0.021545690424385942
17500 0.013593800531619862
17550 0.019911884125471995
17600 0.013926890636620481
17650 0.013744211727316685
17700 0.013263973733844268
17750 0.01415666952486176
17800 0.016878262755317487
17850 0.017982662487005956
17900 0.01401044540204701
17950 0.014578926882125934
18000 0.01433038150173228
18050 0.01342338689088959
18100 0.01327095301567661
18150 0.015513274848223926
18200 0.014280141608590285
18250 0.014739950405780734
18300 0.018554169425572763
18350 0.013228166593135884
18400 0.012715922238863146
18450 0.01377727871877877
18500 0.012431959591827205
18550 0.012799102778225178
18600 0.012477318866737653
18650 0.012568617688822675
18700 0.014435745330794876
18750 0.01499531654593059
18800 0.014146305665863829
18850 0.014161960945072261
18900 0.013452569150092202
18950 0.015071755864010921
19000 0.013114685130821684
19050 0.019457888044309903
19100 0.012754035691855823
19150 0.013758622834349133
19200 0.01220268941045743
19250 0.014220273422768133
19300 0.012744261152674114
19350 0.012803349032652405
19400 0.015315150033236564
19450 0.018352265345023287
19500 0.01596337500562322
19550 0.021487111335574773
19600 0.01900535635131917
19650 0.018757516263780104
19700 0.02090544736272866
19750 0.014871253224589931
19800 0.02585943799158851
19850 0.014502821782963653
19900 0.018795260343100854
19950 0.013050911074372827
20000 0.013614354530424566
20050 0.01347932015134083
20100 0.013196678934254297
20150 0.012334311267753825
20200 0.012870078525099056
20250 0.012927480266849301
20300 0.014220710099317899
20350 0.015258528940554138
20400 0.01223401024251546
20450 0.012060169657745506
20500 0.017341567970276275
20550 0.012191097116507708
20600 0.01320892632331307
20650 0.01224217590301969
20700 0.01199450898402294
20750 0.021048180846642978
20800 0.01533660584427515
20850 0.01912466368533199
20900 0.015429055338109936
20950 0.011873107995528598
21000 0.012098684808134611
21050 0.011859245641964805
21100 0.013381268634620946
21150 0.012030994937454648
21200 0.0138745114605895
21250 0.011839841146732547
21300 0.014231029481162599
21350 0.014629204961419496
21400 0.017992491563684262
21450 0.014083190742502204
21500 0.021474586908180306
21550 0.017667377602398327
21600 0.011819771007037369
21650 0.014548439163595883
21700 0.011315984016511644
21750 0.011716678421079341
21800 0.010911048664987898
21850 0.01623463775539982
21900 0.0168974268733483
21950 0.01906099436971381
22000 0.011398374783590093
22050 0.014726575526498259
22100 0.01143397004071415
22150 0.011892400977135719
22200 0.011617071987493559
22250 0.01353591813602328
22300 0.011883013829665003
22350 0.011944149133147973
22400 0.011569842013878652
22450 0.024075981028115593
22500 0.01834479345667067
22550 0.011054598883482387
22600 0.012297958235911613
22650 0.011566228422876681
22700 0.020882128557712626
22750 0.014879807867851638
22800 0.011576988905884872
22850 0.018286114686305307
22900 0.014389536480417159
22950 0.013144365156793337
23000 0.012432245548792043
23050 0.011761248168143529
23100 0.011019971974087146
23150 0.011320141356011131
23200 0.011414304558793085
23250 0.010311388979988024
23300 0.010704087775182437
23350 0.01029379622849397
23400 0.011479943820512824
23450 0.012438721735773872
23500 0.010469872096995746
23550 0.011532012396128525
23600 0.011033005519240245
23650 0.017480041595466147
23700 0.014964016584343596
23750 0.01531484651691553
23800 0.010336945599371098
23850 0.011039714072282316
23900 0.01113327379365835
23950 0.01469877173606294
24000 0.01010905068263306
24050 0.013960895563332498
24100 0.011644546870327193
24150 0.010951672133835381
24200 0.021174232858978178
24250 0.013750405420878232
24300 0.011810346532162374
24350 0.011837554544367159
24400 0.01894955356717562
24450 0.02135751447299222
24500 0.010477442479827587
24550 0.01070075878988033
24600 0.011246429776859183
24650 0.010638286002628788
24700 0.010595044395421445
24750 0.013345923840411951
24800 0.01055403298972034
24850 0.013387667752678392
24900 0.011426137551481705
24950 0.012885836189125381
25000 0.011032090081344764
25050 0.015437002448278466
25100 0.010573300520219701
25150 0.010887052798256544
25200 0.013944561465041933
25250 0.010079165075308469
25300 0.01105409428383812
25350 0.01172329168403174
25400 0.013243275616696805
25450 0.010035533123222662
25500 0.011552079374912495
25550 0.014801171679988108
25600 0.010292780420010098
25650 0.01705134674334294
25700 0.010514554893009698
25750 0.016573788778142383
25800 0.01061522485250463
25850 0.010080801670310838
25900 0.016788740291500688
25950 0.010633369852413102
26000 0.015015863447199001
26050 0.011589313328741892
26100 0.011092441669932894
26150 0.010273128075604012
26200 0.01144895443019757
26250 0.010413276658705223
26300 0.013199538715720249
26350 0.01177398780056824
26400 0.01076943368277521
26450 0.016094491223432313
26500 0.016546242743431045
26550 0.010086026932682167
26600 0.011311062852360238
26650 0.01420718969532711
26700 0.010310006302941559
26750 0.0154291136127129
26800 0.01071512971790978
26850 0.01006575678445808
26900 0.01090762918948872
26950 0.009425150138527844
27000 0.010354025049637642
27050 0.009237557183609028
27100 0.010064491472246244
27150 0.013589085820633055
27200 0.012620464979019797
27250 0.009920700963983809
27300 0.014392528239420624
27350 0.01115299336551903
27400 0.017082707995563582
27450 0.015145982455823766
27500 0.018192377845006328
27550 0.017374822377381183
27600 0.010323255232629933
27650 0.009651539119462526
27700 0.010204772481963297
27750 0.009345182121559032
27800 0.009785817240603706
27850 0.009182094334111919
27900 0.009530637129518668
27950 0.009980514514075793
28000 0.013356918101373913
28050 0.010017568523441725
28100 0.009106528041562015
28150 0.013493138921006644
28200 0.012646827228767308
28250 0.010146521322964765
28300 0.009455068175418626
28350 0.010198317064249268
28400 0.009571378569368285
28450 0.010413092956472981
28500 0.00929844805900063
28550 0.012911536965767675
28600 0.010194493181046524
28650 0.010630118390086114
28700 0.01018679480349073
28750 0.018581015794767185
28800 0.008919666563253466
28850 0.01253753327257708
28900 0.009820583729086714
28950 0.012592830711542245
29000 0.01066039774781999
29050 0.011129328033084519
29100 0.00998228280819675
29150 0.014053956083677344
29200 0.00929285932344562
29250 0.00961805502925252
29300 0.0114073788787475
29350 0.009117206624154453
29400 0.009089558428932228
29450 0.008635788958113578
29500 0.008958835496081462
29550 0.010674610268929135
29600 0.020095718509276595
29650 0.009633958709585812
29700 0.008648949692288193
29750 0.00895278436145116
29800 0.008784352877844265
29850 0.009761032518673123
29900 0.010517864988240427
29950 0.009763982207289744
30000 0.010237640140453273
30050 0.009607252244176669
30100 0.009663453949901113
30150 0.00920781529549638
30200 0.009290279176108552
30250 0.008708187067236318
30300 0.010132501277150563
30350 0.00907390645049149
30400 0.009837874233880576
30450 0.01050781181064399
30500 0.009167061324581024
30550 0.009426274059789908
30600 0.010975299128158318
30650 0.01893552158342467
30700 0.014964983284688742
30750 0.009931805893594457
30800 0.010309781092727682
30850 0.011262777498343056
30900 0.009155910872357424
30950 0.009168347609264379
31000 0.009157170753412385
31050 0.010751926717796949
31100 0.009645675557931777
31150 0.01227653648431731
31200 0.009667344049211381
31250 0.009623477234770394
31300 0.017829850608274685
31350 0.013663164759076639
31400 0.008631821696401296
31450 0.012422240222550576
31500 0.014040089387935465
31550 0.014180865255117525
31600 0.008715171242580174
31650 0.012039485163596146
31700 0.010899406808738986
31750 0.01363140388348548
31800 0.015903441865796224
31850 0.008680817240803555
31900 0.012424904758200494
31950 0.010046006753759832
32000 0.011050915696411699
32050 0.011576656567282819
32100 0.010584699913712562
32150 0.014482805318936452
32200 0.01097775140342319
32250 0.01110286189288095
32300 0.008429767813105645
32350 0.011558045369781727
32400 0.008939013872006489
32450 0.008177554761893902
32500 0.012288472622058807
32550 0.01113151450353279
32600 0.009719708424056922
32650 0.009390140950319086
32700 0.008783271181918703
32750 0.014338034989393804
32800 0.011107012000598509
32850 0.008907054254838597
32900 0.008764401259879349
32950 0.009170730209481085
33000 0.00827788773981716
33050 0.009569439728100962
33100 0.012285561625302996
33150 0.009288666381025087
33200 0.009351863853485555
33250 0.008659522518365104
33300 0.008752275590649075
33350 0.01144300488346696
33400 0.008349230525142082
33450 0.008979115276643624
33500 0.010065311763265132
33550 0.012615980442800635
33600 0.00892787466068194
33650 0.008429712380158137
33700 0.014435168260380571
33750 0.019860708276873938
33800 0.017061327933973285
33850 0.011417286630182833
33900 0.010178834385559964
33950 0.012331030721695977
34000 0.008733836397179938
34050 0.01568732281938864
34100 0.009447753465048683
34150 0.011636486436407986
34200 0.016140695691419914
34250 0.013145489777851257
34300 0.008133432849009468
34350 0.008177615705608852
34400 0.011001313214837926
34450 0.009754607031415891
34500 0.01028817951331211
34550 0.009410937655613261
34600 0.012207773443034404
34650 0.011517252696419997
34700 0.009190836099563724
34750 0.008797059502462394
34800 0.010348683679484515
34850 0.008634971582400086
34900 0.012033635437357798
34950 0.009920895489193168
35000 0.008970636253974656
35050 0.00820259707084718
35100 0.007815835990561782
35150 0.00843178320085499
35200 0.00788076177364425
35250 0.007794832084663107
35300 0.008146042731344857
35350 0.007812443571877577
35400 0.007582885908070064
35450 0.008093990447593393
35500 0.00829486534229924
35550 0.008140507659000465
35600 0.007969460626101502
35650 0.009353232175030726
35700 0.007910639329123226
35750 0.0077277193865258435
35800 0.008045019921669307
35850 0.008076913801295329
35900 0.007677237327317794
35950 0.007788732687348679
36000 0.008630953763238422
36050 0.00901278690231733
36100 0.0075535866757466185
36150 0.007771268400253832
36200 0.008273858024544417
36250 0.00797074808037861
36300 0.01527453807746712
36350 0.014706006997062345
36400 0.007824454395707519
36450 0.00802775995767799
36500 0.008158627777453081
36550 0.008101962797574193
36600 0.008506449622141605
36650 0.007841109027074737
36700 0.013655751317457564
36750 0.012508405494956411
36800 0.01112051383718343
36850 0.012531598546428305
36900 0.009528928118990669
36950 0.009523552825047294
37000 0.014654904797774157
37050 0.01569161067073218
37100 0.008232121682757484
37150 0.008020011463166802
37200 0.018409199954505056
37250 0.01514507854655572
37300 0.010586797728441674
37350 0.009513888965574003
37400 0.008768921799111276
37450 0.009631096132830242
37500 0.011607671924684902
37550 0.008849657512272761
37600 0.008200454698352894
37650 0.007919679173121745
37700 0.008399183958001287
37750 0.012563177384947563
37800 0.010657045151050218
37850 0.012157230707167321
37900 0.010607369671122241
37950 0.00846718211308865
38000 0.010425159543854022
38050 0.01124634568641576
38100 0.01140866645011013
38150 0.008244126786510743
38200 0.007793639537526038
38250 0.010975387203928039
38300 0.008181878465414278
38350 0.008091151662761297
38400 0.011929779967987612
38450 0.008047436164659706
38500 0.009851254855476072
38550 0.009257845708737295
38600 0.008645538208241993
38650 0.009611061705985502
38700 0.010821061736082504
38750 0.011081301338623718
38800 0.011864719917740952
38850 0.007901851134593723
38900 0.010191485613145573
38950 0.007423646009185015
39000 0.007963414003482968
39050 0.009002271210964967
39100 0.00800917972740611
39150 0.00792926995673504
39200 0.007822422589843349
39250 0.009995937826224868
39300 0.008370769008847206
39350 0.00803695080341122
39400 0.007775032571775098
39450 0.010575560564654852
39500 0.014716402258790819
39550 0.014919775244743326
39600 0.013425037146774023
39650 0.009957760457983257
39700 0.009423098117090188
39750 0.008159576426650434
39800 0.009397493791434843
39850 0.009404461368133906
39900 0.010014082806497283
39950 0.00805320773544758
40000 0.012945924415657162
40050 0.01040406854244268
40100 0.010800900484731845
40150 0.008130691583546725
40200 0.007927626950967171
40250 0.00794063493844432
40300 0.008521539275896576
40350 0.00869533039675741
40400 0.011016243844601677
40450 0.010996106930016169
40500 0.008612647957872354
40550 0.008379789141883594
40600 0.007926061517166383
40650 0.008223871372608547
40700 0.007993895367117237
40750 0.00790481705491528
40800 0.008955167250874103
40850 0.0077551087178491795
40900 0.008522681261881679
40950 0.008982182205765183
41000 0.007742329698606006
41050 0.00962887336440876
41100 0.008004751174231101
41150 0.007892484804228855
41200 0.008445014200322577
41250 0.007830967792284258
41300 0.009288032037207837
41350 0.012863706145360998
41400 0.01356253756381035
41450 0.011480515564081037
41500 0.01624073953802382
41550 0.015375391026989855
41600 0.010127364855609009
41650 0.010263246420158639
41700 0.011368983641309364
41750 0.008928292358544386
41800 0.007752081725790232
41850 0.008038345106547664
41900 0.008189457713179124
41950 0.0094305249109792
42000 0.010759197307564408
42050 0.010558122693335122
42100 0.009309355525949725
42150 0.008339066342294057
42200 0.008953496402458455
42250 0.008141938595022259
42300 0.009524707045769208
42350 0.011145927186495928
42400 0.009838535802465478
42450 0.008207530668588373
42500 0.010334369549276988
42550 0.008355754413022106
42600 0.007983089878102265
42650 0.007789681872670163
42700 0.008337595374405793
42750 0.007745293621626174
42800 0.007852712517010394
42850 0.009801441896904886
42900 0.008699401237283761
42950 0.007879345903493217
43000 0.007805397751848986
43050 0.00773735287474402
43100 0.007538809422526687
43150 0.007310775861218194
43200 0.007725390676940833
43250 0.009293896650992487
43300 0.008732720113676418
43350 0.010482036057801694
43400 0.008406392417238418
43450 0.007598099407235239
43500 0.008041701013431582
43550 0.007927636830591807
43600 0.008088224473643893
43650 0.008170178714055638
43700 0.007563239432483584
43750 0.00727860829464236
43800 0.007893770697688802
43850 0.008397600080274362
43900 0.008404331731788839
43950 0.007607636747052617
44000 0.007678711758820008
44050 0.008276338994196551
44100 0.00825877257504465
44150 0.0079522628493668
44200 0.007702645782726309
44250 0.007894027585701563
44300 0.007871993045995503
44350 0.007515336832383162
44400 0.007270081590518853
44450 0.007246023180781682
44500 0.0074397105265687925
44550 0.007357495658541222
44600 0.00888120857913838
44650 0.007446035878265347
44700 0.00733695426659195
44750 0.007498544374807537
44800 0.008041193370862218
44850 0.0076132268249838085
44900 0.00838004306175425
44950 0.00800860175999759
45000 0.008612785027532946
45050 0.008654330559056695
45100 0.009370410766692882
45150 0.009277920263543986
45200 0.007670643580835707
45250 0.008285541175020008
45300 0.007450656030535825
45350 0.00714962036594173
45400 0.0075148885881696215
45450 0.007206335404233666
45500 0.007476596877696995
45550 0.0074740565221022145
45600 0.007768365477768911
45650 0.007327232624225159
45700 0.007343267471173832
45750 0.007191531846618669
45800 0.007899276079171132
45850 0.00802114589100094
45900 0.008053602462786186
45950 0.007747793393174767
46000 0.0073540600751551555
46050 0.009182603533874525
46100 0.008541706740140471
46150 0.010170436149856663
46200 0.010207743678206775
46250 0.012338156433413093
46300 0.010570956148121457
46350 0.009357162443623713
46400 0.009836462717187057
46450 0.010633000692009151
46500 0.009823328392703837
46550 0.009479938878985033
46600 0.007934857634809375
46650 0.008939399229290842
46700 0.008050048895936319
46750 0.007676601791637248
46800 0.007210344822306672
46850 0.007194382203315916
46900 0.007189627996167668
46950 0.007507100477969647
47000 0.007474683974626231
47050 0.0072241594772259315
47100 0.007378799044907102
47150 0.007374560573117868
47200 0.007345874568080802
47250 0.00733432669692507
47300 0.0073784736337701405
47350 0.007337531003269591
47400 0.007258103611037743
47450 0.007810657988454893
47500 0.00777585560241283
47550 0.007691600483109961
47600 0.007949920438435202
47650 0.0073288548435791285
47700 0.0075100626363981664
47750 0.00769118971829423
47800 0.007271781943096979
47850 0.007251875911426597
47900 0.007714718109680874
47950 0.007855024468619763
48000 0.007819107016845368
48050 0.0073581113860330975
48100 0.007380199938088915
48150 0.008099472922085401
48200 0.009406024081258573
48250 0.009140116475029296
48300 0.00869372879895263
48350 0.0077356007619558105
48400 0.007541639532408695
48450 0.007299066382097488
48500 0.0074403394127153435
48550 0.007369816981268737
48600 0.0076065776597951966
48650 0.00746238112247159
48700 0.007461992164527689
48750 0.00814261221596383
48800 0.008018948659666965
48850 0.008001457605421007
48900 0.007200686213417314
48950 0.008332394410491332
49000 0.010457917388335283
49050 0.009070036761623648
49100 0.008612946067496512
49150 0.007729862053161982
49200 0.007859592524542866
49250 0.008244153656618642
49300 0.00788366906411586
49350 0.007761947866028711
49400 0.007657612943333122
49450 0.007565670798522276
49500 0.007503463391579309
49550 0.008952260791038412
49600 0.012805854941953672
49650 0.011956312705180178
49700 0.00984045779498346
49750 0.008993369590171678
49800 0.009003362035034844
49850 0.00852696943203621
49900 0.007368242350523007
49950 0.007520846462201521
50000 0.00735489393943466
