50 0.9882634478816938
100 0.9941274362441406
150 0.993611977199846
200 0.9924957654610868
250 0.9907751884499969
300 0.9884222041459098
350 0.9837491604656473
400 0.9745965450109195
450 0.9517868006805026
500 0.8734096580688886
550 0.6957899740808104
600 0.5209355729915883
650 0.414077534123502
700 0.30623069798951036
750 0.2343569290683946
800 0.2015633920663202
850 0.16067117968405367
900 0.15173759424579306
950 0.11975288837509494
1000 0.1078020959755607
1050 0.12043777390419873
1100 0.09137724183737002
1150 0.09320740618573028
1200 0.09342469678267303
1250 0.25738528012170603
1300 0.130411508091149
1350 0.08407213511518279
1400 0.06808802877679003
1450 0.06765750844406339
1500 0.06568310999784446
1550 0.06933439046267813
1600 0.061362771221087346
1650 0.05973982890759254
1700 0.056452674712658586
1750 0.13599974848095067
1800 0.09091109810207494
1850 0.06143903851342468
1900 0.055227121633663334
1950 0.04826952192015926
2000 0.051222732817684954
2050 0.07601970185610193
2100 0.06645299586641755
2150 0.0465868851000523
2200 0.08375939156060642
2250 0.07508973970835464
2300 0.042264903472476405
2350 0.043245899448814816
2400 0.08688939857651629
2450 0.046845318154609406
2500 0.03990601842239236
2550 0.06348820795875898
2600 0.0438788490295773
2650 0.0682849314052439
2700 0.03777162321779123
2750 0.032487928674290886
2800 0.085694570820696
2850 0.05606313502632712
2900 0.040798928846654335
2950 0.030139210274154057
3000 0.13327549831209104
3050 0.07306360597498768
3100 0.038244565607576206
3150 0.03490204984959942
3200 0.03232624389194043
3250 0.03629545282981923
3300 0.15467390734083894
3350 0.07652319807669164
3400 0.06306014503067052
3450 0.052378710812327305
3500 0.031882059072694695
3550 0.03406590499292735
3600 0.04026656223315779
3650 0.033124369842483285
3700 0.03001754435565644
3750 0.02894159597047901
3800 0.026704961261734154
3850 0.03231493666764259
3900 0.04611668320559054
3950 0.07645504170853987
4000 0.07314832470336782
4050 0.04680803973654049
4100 0.024751505670702074
4150 0.026319198536805644
4200 0.04834615609827391
4250 0.025733709402855343
4300 0.0251508694502071
4350 0.0357302758371974
4400 0.02540350361582252
4450 0.024776831115752344
4500 0.03830237488480075
4550 0.02640252323908121
4600 0.09634843440415726
4650 0.02601821974010356
4700 0.025786775926148333
4750 0.03966457071990636
4800 0.06278976447696809
4850 0.021916216602254367
4900 0.08191203124402165
4950 0.02679004920233444
5000 0.030890353037452443
5050 0.025122716313332308
5100 0.022464701035488383
5150 0.029765757389481732
5200 0.02345973177826413
5250 0.024078108417284656
5300 0.02568004998340854
5350 0.02361028820296859
5400 0.021365985949253
5450 0.02727799773117829
5500 0.02225341108529658
5550 0.02296327411298435
5600 0.02328779497002616
5650 0.029912341144040382
5700 0.03192775920094157
5750 0.030456231775010573
5800 0.02626469960821717
5850 0.023180130749938035
5900 0.027126333767893883
5950 0.027853053697884517
6000 0.023199597557588592
6050 0.024925719898538916
6100 0.02667886329992443
6150 0.032391459358537635
6200 0.021525861297607893
6250 0.03697238666563913
6300 0.022935866249926752
6350 0.02723120571508703
6400 0.03393066510594556
6450 0.024416951716478355
6500 0.04002866384362861
6550 0.028618883753068335
6600 0.02271135625272396
6650 0.023952141954722252
6700 0.025565946478771494
6750 0.02141066574984553
6800 0.029117819380976278
6850 0.021812671763477093
6900 0.02070942153349419
6950 0.03280482225744374
7000 0.03024616451007494
7050 0.020651470068265024
7100 0.020681803644226896
7150 0.02676187668571639
7200 0.022497635421419936
7250 0.026001219487479254
7300 0.02092666961280026
7350 0.0315625137864149
7400 0.02142512969854588
7450 0.022360093268689485
7500 0.020999215251727554
7550 0.02094155634809382
7600 0.04934472094059395
7650 0.02517050532128483
7700 0.02154070023618747
7750 0.02462346578393398
7800 0.028630428424176266
7850 0.051417265144667774
7900 0.03700025375311403
7950 0.021046353286530265
8000 0.02103600429620129
8050 0.025141178829804406
8100 0.019138414462346424
8150 0.021362994992188817
8200 0.029431815138933365
8250 0.036318397563629756
8300 0.03492304352634793
8350 0.03086971077723887
8400 0.020815357257067606
8450 0.03459350846003432
8500 0.034033753468710536
8550 0.02532998047544148
8600 0.02821277894830519
8650 0.03505923090856208
8700 0.02003004392642206
8750 0.023368300365731422
8800 0.024733446196228068
8850 0.02740906036682134
8900 0.04636838263474412
8950 0.020733316602007997
9000 0.06330500573820497
9050 0.02354821710720098
9100 0.04213907532720847
9150 0.027010924938900942
9200 0.02628234134868289
9250 0.04259234570177222
9300 0.020164953564823545
9350 0.024449311200788217
9400 0.027590426414354753
9450 0.021178927304912793
9500 0.029726018431733385
9550 0.0794020170214584
9600 0.03612171911396202
9650 0.02439801101112945
9700 0.023121047847638382
9750 0.023241940149260145
9800 0.021212979355008085
9850 0.024455470502194356
9900 0.027720385285636577
9950 0.01927264800585238
10000 0.020730551324869034
10050 0.02310828844176886
10100 0.02519683276069999
10150 0.025723086948654862
10200 0.022616410905081152
10250 0.022043445968201174
10300 0.022932927120588364
10350 0.02286280730977133
10400 0.021680229315360892
10450 0.02528067426767724
10500 0.021349879733010665
10550 0.02288679401267616
10600 0.023442461995301974
10650 0.02272270329048467
10700 0.02033143062292823
10750 0.021697627431634774
10800 0.03158872607546612
10850 0.025280829121282784
10900 0.021341916603417464
10950 0.021326584001395275
11000 0.020596944439477197
11050 0.020780526690136383
11100 0.025517328489140574
11150 0.0383546143215103
11200 0.029401190388819397
11250 0.024161297684240655
11300 0.020006298993598244
11350 0.026190027676457034
11400 0.020600931047455525
11450 0.024084610577573443
11500 0.033109555584111695
11550 0.02177509877377363
11600 0.032583703270976344
11650 0.030164304781476865
11700 0.02743659375544271
11750 0.0208159018406404
11800 0.024037916751467405
11850 0.027608678870958917
11900 0.020757333883491994
11950 0.022483075614269703
12000 0.019832713227559782
12050 0.021541851162262687
12100 0.02175538878050462
12150 0.022635417300176427
12200 0.03453559013160649
12250 0.020067897162064148
12300 0.0357697266552275
12350 0.02177304520359492
12400 0.021230905028151094
12450 0.02286797930438643
12500 0.03534645626086549
12550 0.0261618895131103
12600 0.023272566239848864
12650 0.021594731962943096
12700 0.020875800352966614
12750 0.021247749700395606
12800 0.021528336228947714
12850 0.022378106317880758
12900 0.02044785335957559
12950 0.024543688484067874
13000 0.02292245841197718
13050 0.035718373160385425
13100 0.0465560124127764
13150 0.02022517924253302
13200 0.02359439926374039
13250 0.019364879041133536
13300 0.02001903290214046
13350 0.024271881499735463
13400 0.020406768941109567
13450 0.028855580199713425
13500 0.020156469107743068
13550 0.025131028045999027
13600 0.023080892546657825
13650 0.01987644012047515
13700 0.021520573481609902
13750 0.02615148321142609
13800 0.027033937952766283
13850 0.025700248379490233
13900 0.019635341130306568
13950 0.029262763881158387
14000 0.026095610016438193
14050 0.019108045633528015
14100 0.021962130782093345
14150 0.019076915969853194
14200 0.02116360399123431
14250 0.02222460907679035
14300 0.02018557727163143
14350 0.025988368864379913
14400 0.021213230680483537
14450 0.020200788320941115
14500 0.01905233968835546
14550 0.042964114901261716
14600 0.02423393947665747
14650 0.026699397361114943
14700 0.02064717051721629
14750 0.02223611590403966
14800 0.02005929247569079
14850 0.019604716584174904
14900 0.041297719764312076
14950 0.02529070006873797
15000 0.02712714023695239
15050 0.01838825566357112
15100 0.02222673153873766
15150 0.019888073878446485
15200 0.020151732789680517
15250 0.022473819076753596
15300 0.02520861816657589
15350 0.03299850600040473
15400 0.0280561880060911
15450 0.02777825531585382
15500 0.02616408108247963
15550 0.021401031762720586
15600 0.019216972000083217
15650 0.0196680276812658
15700 0.019800988000716332
15750 0.0187120792616894
15800 0.020407867701616934
15850 0.018650936607221138
15900 0.021383398199147557
15950 0.018439393454197952
16000 0.01832576321665272
16050 0.019972936218673843
16100 0.019351133623786158
16150 0.017964973150855316
16200 0.01771922375978513
16250 0.020188670894982854
16300 0.017674991856165126
16350 0.023046454007285815
16400 0.022221824369707724
16450 0.01788157935143934
16500 0.017482742455564932
16550 0.018681777649773336
16600 0.0271591150805115
16650 0.023306854742843813
16700 0.020460693790537263
16750 0.018785325499839738
16800 0.02105799559391161
16850 0.018193860124310245
16900 0.01965282513380652
16950 0.017637433181501884
17000 0.02557060839736295
17050 0.025576162664521885
17100 0.02140938054735303
17150 0.01662273371322229
17200 0.02416761664651719
17250 0.01988696640685168
17300 0.017802420692741617
17350 0.020004274581355515
17400 0.01808339369541927
17450 0.018483205140925347
17500 0.019107866608153126
17550 0.02177463737469125
17600 0.021506109814380878
17650 0.020659941607662453
17700 0.020071182907154993
17750 0.020264445307826014
17800 0.02186564217619934
17850 0.029414100900465028
17900 0.02230254617496221
17950 0.018187135233675513
18000 0.024652612253738396
18050 0.02967900480934422
18100 0.01646022903217624
18150 0.02051814812632945
18200 0.018941732042181407
18250 0.021615775099370828
18300 0.020667408762705723
18350 0.017507041389767625
18400 0.022351460695126786
18450 0.021967421487902778
18500 0.021688069936319165
18550 0.01664367110144439
18600 0.02627732261896501
18650 0.017047773232632395
18700 0.02079441267847161
18750 0.0193447902422284
18800 0.03933857768402928
18850 0.047022154710367636
18900 0.035508557853035964
18950 0.02224613387263342
19000 0.027510856527455933
19050 0.04169713750549007
19100 0.020735542241378687
19150 0.017311086508634447
19200 0.02385218838330221
19250 0.019138769432193867
19300 0.03930950775798519
19350 0.025183001382306218
19400 0.016087158691685203
19450 0.01601521620713493
19500 0.018118437139770818
19550 0.04354389340466592
19600 0.023301124347944725
19650 0.016686731342730306
19700 0.01801551363977933
19750 0.018034138035007953
19800 0.016539346058433563
19850 0.030526986661894476
19900 0.033209503918000524
19950 0.017115648310389666
20000 0.022150953240691818
20050 0.01733661842824752
20100 0.01665527131017103
20150 0.01718103395300855
20200 0.01788384437355512
20250 0.016793048396095713
20300 0.016842987240727296
20350 0.017008590432276646
20400 0.015471770080854463
20450 0.015937468063498116
20500 0.024757178237602446
20550 0.027368043940503826
20600 0.018968119424747645
20650 0.020522842566597886
20700 0.0168840305798753
20750 0.016928476527838195
20800 0.016941485825276843
20850 0.018517979152960357
20900 0.016817536848123288
20950 0.02377324838231484
21000 0.03002042964466586
21050 0.016669708534258167
21100 0.019992365292630508
21150 0.02409692497469785
21200 0.017672173776408395
21250 0.020170913575881223
21300 0.019052300163590326
21350 0.030588839307437176
21400 0.01909299169292697
21450 0.0178030607746291
21500 0.01718889489560515
21550 0.016737153054879557
21600 0.016717861876744403
21650 0.01773297442101296
21700 0.021924129425687586
21750 0.021924535348471597
21800 0.02058105854993372
21850 0.030328571299030962
21900 0.016776249592241978
21950 0.02606136347451329
22000 0.018247937577317467
22050 0.02973237135100556
22100 0.01655321618471572
22150 0.01591106579870069
22200 0.017952945329990293
22250 0.019248302191945076
22300 0.018869733651080595
22350 0.016631539355478796
22400 0.018900510569225416
22450 0.021676297786094943
22500 0.01983933730642917
22550 0.030131129540346933
22600 0.02815061836156195
22650 0.028592640454760256
22700 0.015837168621703028
22750 0.022450029532695367
22800 0.02477333667170571
22850 0.04272130342066269
22900 0.02872754220852431
22950 0.02441478496997273
23000 0.017293746100729947
23050 0.01527772882249399
23100 0.019537270122444494
23150 0.019793065549728178
23200 0.020007140362080133
23250 0.01786034925093253
23300 0.025137039176133143
23350 0.016436756994898345
23400 0.020508765087096426
23450 0.016903969022687516
23500 0.015844284714839358
23550 0.016196130119835353
23600 0.028085760640066567
23650 0.016768377663100617
23700 0.019985733263311718
23750 0.015524018949684668
23800 0.022786309658641462
23850 0.016634812226869505
23900 0.01562763362909878
23950 0.01654330846896621
24000 0.016660841444692886
24050 0.026551252179238843
24100 0.018693522902415726
24150 0.020660895215801067
24200 0.016628955962074844
24250 0.018044914279187634
24300 0.026680386856594226
24350 0.016374516700987354
24400 0.01764427515508748
24450 0.02891224853931026
24500 0.039294759057005
24550 0.028770926592614217
24600 0.041166808208433284
24650 0.01730650330588629
24700 0.01704969770344403
24750 0.0187646449047676
24800 0.015625570877989554
24850 0.01691190591194909
24900 0.016815249728977008
24950 0.024472427793123745
25000 0.015736078913015487
25050 0.014471387437544688
25100 0.015266869899011654
25150 0.01624297619532889
25200 0.016039511365589718
25250 0.020129000773746387
25300 0.016221429760528917
25350 0.01493770491461523
25400 0.015203776050272936
25450 0.021789342398983773
25500 0.014412686554100045
25550 0.014296011268496604
25600 0.014036156120638816
25650 0.013822065199269633
25700 0.014982216408580239
25750 0.0184437016533187
25800 0.014578440196475357
25850 0.014893971384366357
25900 0.01616614032668024
25950 0.015322509682548871
26000 0.015676475008433225
26050 0.016188386100735537
26100 0.013575924680049554
26150 0.015147520216702914
26200 0.014911589215424058
26250 0.01694600572098363
26300 0.01557166763937396
26350 0.015682323457504872
26400 0.017627741924374957
26450 0.017830592660295137
26500 0.017182196860278803
26550 0.016815688447374483
26600 0.014364109161137745
26650 0.017806236717696364
26700 0.016846636305472777
26750 0.020900422020214762
26800 0.01910836856175192
26850 0.017825879819517828
26900 0.021851955257383645
26950 0.02270048522323626
27000 0.026331138718736397
27050 0.021382796291979735
27100 0.031493596774884704
27150 0.01587550712292656
27200 0.022166449546773714
27250 0.020836315267208142
27300 0.013448888258326559
27350 0.014236100535819547
27400 0.015591717200549584
27450 0.015135129593185423
27500 0.013977160822484598
27550 0.014556776659358964
27600 0.013940504597176865
27650 0.015921573056231635
27700 0.014614208119850435
27750 0.013810270451573296
27800 0.013953683082531925
27850 0.014788617774743074
27900 0.019119230330204323
27950 0.017162820890126062
28000 0.020380671018867605
28050 0.013904878122206142
28100 0.022321275117106684
28150 0.01385966757812763
28200 0.015168236005207092
28250 0.025190298393601453
28300 0.02072219552506594
28350 0.022384984355362517
28400 0.016780416853476306
28450 0.015438390465034944
28500 0.017265917633011864
28550 0.013545152881558966
28600 0.0234502282544506
28650 0.023940856525245878
28700 0.018953057370496483
28750 0.023740521485016364
28800 0.023527819239756713
28850 0.024424025539665717
28900 0.028553391351308802
28950 0.025407050917641165
29000 0.01763407504282064
29050 0.016273965035149916
29100 0.016565100103063467
29150 0.017695911158196943
29200 0.019070659620706854
29250 0.014388844199281792
29300 0.02384244111903287
29350 0.014047328232877904
29400 0.018298949586481785
29450 0.021854649544598762
29500 0.021097301611118936
29550 0.018416301327646364
29600 0.013514139114536028
29650 0.013908607159226845
29700 0.014034208175626197
29750 0.014961340997659141
29800 0.022213914917249666
29850 0.014048220958492003
29900 0.014153992552140445
29950 0.028254108348259685
30000 0.025766785203221062
30050 0.018294210814042873
30100 0.016167793096512287
30150 0.022700050193597634
30200 0.014143429974855746
30250 0.014210619288371985
30300 0.014021514601365333
30350 0.015255779854642331
30400 0.014366422782767195
30450 0.014557423678731474
30500 0.013981807153421
30550 0.01313223443294062
30600 0.013427821139309624
30650 0.014943681259210976
30700 0.01286135929579726
30750 0.019811900399683724
30800 0.01586660333455489
30850 0.020007764287147383
30900 0.01634810091609321
30950 0.01533008736524803
31000 0.01607196385004382
31050 0.016761926702818584
31100 0.014106108898488876
31150 0.013127099143107994
31200 0.013324615358029108
31250 0.021591297961889543
31300 0.0206926168115111
31350 0.015175205673378902
31400 0.014346021270863584
31450 0.014994799805974854
31500 0.01617337310038709
31550 0.015987967963255797
31600 0.013645094982681533
31650 0.015119471318106585
31700 0.015432027990490357
31750 0.018467934444748427
31800 0.015308353791623529
31850 0.017093072936150044
31900 0.012455168680982561
31950 0.01735401322053286
32000 0.020185065645050463
32050 0.014512997403261164
32100 0.012612800276644052
32150 0.018280694803635346
32200 0.016950771355496726
32250 0.016514351150223806
32300 0.015688859754638875
32350 0.015777762435510934
32400 0.019621579143644863
32450 0.02714436514739016
32500 0.017083034617383645
32550 0.01795972665158526
32600 0.01323233755071369
32650 0.015071243796084783
32700 0.013654568650202271
32750 0.013370318806307856
32800 0.01641146500126845
32850 0.026202056434317778
32900 0.012854216274693017
32950 0.02375099299659015
33000 0.01923792413961672
33050 0.01763151008559572
33100 0.013703326677428407
33150 0.014352640070903323
33200 0.018970291299722383
33250 0.018177095486004585
33300 0.01436404650767552
33350 0.0150701208029257
33400 0.012693680879683353
33450 0.0134752575098566
33500 0.01459542115535709
33550 0.014142773775526226
33600 0.020108313474856296
33650 0.012965684598259896
33700 0.014403665638740494
33750 0.013186233369430481
33800 0.01400897933763844
33850 0.012791798130976213
33900 0.014109946536657559
33950 0.013828552627487996
34000 0.014143399738781186
34050 0.012741331345126911
34100 0.01354906926624137
34150 0.015404329696500648
34200 0.021014628691725285
34250 0.02660554986595194
34300 0.023843474508842784
34350 0.01957214268251869
34400 0.013401111513443817
34450 0.013323230676788238
34500 0.013808446419823579
34550 0.013911727463626518
34600 0.014172781735817274
34650 0.0256626835150482
34700 0.018508293587191006
34750 0.016389374653453016
34800 0.02180786413507296
34850 0.02012329782887689
34900 0.02258896605346382
34950 0.013548552366133023
35000 0.016883930113203303
35050 0.014140734104968519
35100 0.012883806378027
35150 0.012195663743261047
35200 0.013063987319017412
35250 0.012756238930851194
35300 0.015326678900131561
35350 0.013884247317589752
35400 0.014873180317916446
35450 0.015696689603931887
35500 0.014218872133929318
35550 0.017874307182284905
35600 0.016918860906167305
35650 0.01905818312241116
35700 0.019969569427629296
35750 0.018252729355302658
35800 0.02169644622981148
35850 0.017763616750653625
35900 0.016253912282538197
35950 0.013531605674955987
36000 0.012438317853360154
36050 0.012653044279132329
36100 0.012189802616162716
36150 0.013301512924599477
36200 0.012646835071373586
36250 0.017034488953628024
36300 0.013165494113628802
36350 0.012223906065214684
36400 0.013214518562947976
36450 0.022637145470032205
36500 0.017732028107394496
36550 0.026984970865497112
36600 0.02323073040654934
36650 0.01929574789114366
36700 0.015414895879593549
36750 0.018347990753015794
36800 0.017151896899446177
36850 0.015288521133492527
36900 0.016345250180850774
36950 0.013418030001180735
37000 0.01341813364947985
37050 0.013786572321977822
37100 0.014119936858926709
37150 0.013009477280585276
37200 0.01422351264390133
37250 0.012749062529876396
37300 0.014533163804556729
37350 0.013833994550618879
37400 0.012309225908683207
37450 0.01308621639162677
37500 0.01245770131663276
37550 0.012464720189704492
37600 0.014690481589131948
37650 0.012732146465757656
37700 0.012409035944039264
37750 0.016267058036016576
37800 0.013540444827829793
37850 0.013956528228618521
37900 0.0169531784867116
37950 0.017010307334304895
38000 0.013508831577295405
38050 0.017072264042890344
38100 0.020174714231197575
38150 0.019385456803812318
38200 0.014585422364438204
38250 0.01494357077488899
38300 0.01448641567955248
38350 0.012696083132401425
38400 0.013199429457148061
38450 0.013523591045530532
38500 0.013276552052148026
38550 0.012512859037694382
38600 0.012461512539327523
38650 0.012598976633110172
38700 0.013797364811196512
38750 0.013350876447179562
38800 0.01338463799453331
38850 0.014061244413359722
38900 0.024373868098276127
38950 0.027390963278252252
39000 0.029272465137751617
39050 0.019141477329417966
39100 0.013096039440632487
39150 0.012777611698798041
39200 0.01309005170671881
39250 0.013810746706657736
39300 0.013063488678026567
39350 0.013008460279135145
39400 0.013610582531781502
39450 0.013420801368284026
39500 0.01312002011569421
39550 0.01386601795641631
39600 0.015038023792422561
39650 0.014809588062667222
39700 0.013479804505065977
39750 0.013902599014572
39800 0.01487721115583474
39850 0.013513444779084036
39900 0.013051796205680232
39950 0.012582951848338918
40000 0.012441166171278809
40050 0.012993444598692784
40100 0.013196158332071575
40150 0.012803693164205878
40200 0.012805669947418545
40250 0.012030687673075791
40300 0.013086606890254898
40350 0.012753302385181558
40400 0.014188163148930448
40450 0.016065427992064667
40500 0.016728481340721094
40550 0.013722815719898111
40600 0.014108878308282785
40650 0.015132736807551924
40700 0.015624865748496163
40750 0.013625078533698053
40800 0.014781066804302632
40850 0.015196594111144084
40900 0.017612994893743364
40950 0.013032313263742303
41000 0.013234415322339245
41050 0.012232919438980597
41100 0.012131600470532003
41150 0.013199335824937986
41200 0.013756988335267957
41250 0.013819503016875978
41300 0.012479901400123101
41350 0.013107941798670463
41400 0.012084062052805232
41450 0.013603792550357215
41500 0.014177256187151127
41550 0.012596653158552476
41600 0.012175427732436092
41650 0.015962756588872744
41700 0.015160512100728059
41750 0.015395853228255874
41800 0.012459825576433525
41850 0.012548376385191644
41900 0.012882204113131193
41950 0.011878305735776399
42000 0.0130389800188536
42050 0.013081256594421319
42100 0.01264395472790641
42150 0.012433589021818585
42200 0.013274152524899786
42250 0.012422343954351002
42300 0.0140931691066513
42350 0.013071434083358122
42400 0.014433397892206832
42450 0.015445297172400542
42500 0.017253093885567734
42550 0.016632168467686222
42600 0.01375966069368188
42650 0.012877260491938684
42700 0.012381931068822245
42750 0.012819732364315477
42800 0.012510347580978874
42850 0.013257620493194242
42900 0.012467559203653045
42950 0.012126672135375478
43000 0.011886845080768942
43050 0.012497044514468763
43100 0.013092844969733022
43150 0.013041596610396472
43200 0.012794451927196662
43250 0.013124738536318707
43300 0.013355151369052836
43350 0.012857746198844987
43400 0.013045237402804095
43450 0.012933889048845636
43500 0.012454097917955032
43550 0.012405427747792151
43600 0.013619481695530372
43650 0.012414567963398546
43700 0.01250692685677249
43750 0.012569905808181552
43800 0.012831700662472554
43850 0.012272341157300555
43900 0.012817046645279447
43950 0.012938965219139531
44000 0.012468984095693551
44050 0.013855950131931246
44100 0.013381761827984373
44150 0.014023890836284953
44200 0.016618778642130835
44250 0.014274855950389083
44300 0.013604758830931088
44350 0.012434252229485718
44400 0.01231737357512605
44450 0.013606683564656876
44500 0.013962932030144162
44550 0.013461695340851601
44600 0.014538605673593243
44650 0.013474579759605114
44700 0.0130177471347282
44750 0.012783704783488222
44800 0.01242970412692327
44850 0.012142498598461766
44900 0.012779298066285165
44950 0.013478941958154507
45000 0.015034003200235891
45050 0.014202557080142033
45100 0.013649254460099647
45150 0.013390306156394405
45200 0.012880961242662775
45250 0.012954165543967418
45300 0.013257834858522149
45350 0.012583934731337464
45400 0.013279899120170847
45450 0.01236116996190958
45500 0.012705911799985412
45550 0.01212666918119881
45600 0.011736997457497044
45650 0.012938489423147763
45700 0.012228062086005324
45750 0.012736357068421971
45800 0.012452695939334419
45850 0.012400805535308642
45900 0.012809579152101432
45950 0.01194770338657043
46000 0.012149289733400155
46050 0.01230825187094593
46100 0.012518237464438491
46150 0.012362256305076437
46200 0.012693085630508905
46250 0.012091343342397599
46300 0.012945284616763525
46350 0.012629218079477204
46400 0.012465195922124875
46450 0.012958223159137215
46500 0.01287828902228851
46550 0.012461559221533003
46600 0.012406323576168143
46650 0.011840148267915154
46700 0.012884494334966985
46750 0.012705082003024197
46800 0.013199470793140647
46850 0.012758153618888803
46900 0.012637670731308465
46950 0.01262494904713184
47000 0.012665174575261838
47050 0.01251709688635558
47100 0.012011177662182486
47150 0.013131269547506487
47200 0.012704450151682943
47250 0.013279803687126432
47300 0.013022155134088576
47350 0.012600921177027468
47400 0.012711072463696863
47450 0.012630291579172757
47500 0.012723858921282964
47550 0.013053210016470314
47600 0.013129332910963663
47650 0.013035743490724538
47700 0.011892678421936767
47750 0.011889855069797228
47800 0.012322618925540527
47850 0.012573597404535244
47900 0.012465340637590822
47950 0.013033226322472937
48000 0.012969135777201692
48050 0.012572007795110958
48100 0.012015220927657572
48150 0.011986745161203244
48200 0.012393486221662177
48250 0.012278707869668098
48300 0.012706743392538918
48350 0.012181891151470867
48400 0.01276422383268137
48450 0.013164393850289528
48500 0.013521804086951994
48550 0.013394423337304003
48600 0.012853862224194046
48650 0.012855277626731863
48700 0.012874316197451809
48750 0.012377379361110018
48800 0.012336395193265532
48850 0.01277259781649679
48900 0.013022915693513326
48950 0.013125054025868162
49000 0.013741454007997372
49050 0.013340455973370894
49100 0.01245337294726283
49150 0.014401963553939861
49200 0.013277300110030752
49250 0.013062183352607847
49300 0.012746467645702305
49350 0.01283713938123855
49400 0.012937067618598917
49450 0.012923847170972644
49500 0.012266136640648389
49550 0.013134381328552266
49600 0.012806013507041934
49650 0.013311825353454076
49700 0.01339548751974389
49750 0.01293110914993923
49800 0.013244300384136074
49850 0.013837093317005037
49900 0.013098596900208686
49950 0.012294739007842089
50000 0.01280434410611412
