50 1.0044592271927621
100 0.9970969238013554
150 0.9961164775758016
200 0.9954823261910084
250 0.9950857767356368
300 0.9950533964315507
350 0.994982556614144
400 0.9947801312755686
450 0.9946355684646933
500 0.9942614282413166
550 0.9943126688114543
600 0.9939460202023662
650 0.9936869410523923
700 0.9927580637178804
750 0.9913345955454994
800 0.9868740981080526
850 0.9764613014567189
900 0.9469210278484375
950 0.8711800966698264
1000 0.7935724511312421
1050 0.6448015394822
1100 0.5560905484894683
1150 0.37641284202843794
1200 0.4070688911037178
1250 0.26121990717945653
1300 0.27821154200623893
1350 0.2866113424382205
1400 0.17017372707738276
1450 0.11795118392933063
1500 0.10239066599618286
1550 0.13447076813827208
1600 0.10287052900987687
1650 0.07369970676342887
1700 0.08546727073480799
1750 0.07100736433576954
1800 0.11213784623971007
1850 0.11355108861745995
1900 0.07343902899677394
1950 0.059324834640673126
2000 0.04852858833244051
2050 0.18744396884738398
2100 0.11285551308106091
2150 0.0688733482479718
2200 0.05548075251177823
2250 0.057094522804858557
2300 0.0485872607364002
2350 0.05162383905552117
2400 0.04700179997450761
2450 0.06354031757800467
2500 0.05384052219133094
2550 0.05518128158526389
2600 0.06340940677717949
2650 0.10098739197905357
2700 0.05364419711338191
2750 0.040130260333549835
2800 0.04237200871989567
2850 0.045171253629095146
2900 0.053056444837838106
2950 0.09785191341363128
3000 0.05732223464932077
3050 0.0497796386756578
3100 0.053723308966749865
3150 0.0597093239393278
3200 0.038508276135241985
3250 0.03876587054770403
3300 0.0939010619136453
3350 0.05664398937558349
3400 0.03773064478847143
3450 0.07704568418199613
3500 0.037849814880504276
3550 0.041190179022923004
3600 0.03886153434727409
3650 0.04754938074229031
3700 0.06714783703131796
3750 0.03276188153243535
3800 0.037595227189180624
3850 0.05801640931104083
3900 0.06018142418702755
3950 0.03808923146066649
4000 0.0570603204045805
4050 0.0780024818503642
4100 0.037318896465640086
4150 0.03166478332638238
4200 0.032412396895820504
4250 0.03186682858693413
4300 0.10953776413627783
4350 0.0443494804644501
4400 0.04454191472483168
4450 0.03720585278242442
4500 0.03665510601080142
4550 0.034744749393370265
4600 0.09182152378195772
4650 0.0588404994832605
4700 0.036501547412620204
4750 0.028424010355761517
4800 0.03788372516218744
4850 0.02783403470049031
4900 0.11277592801928753
4950 0.03186291974494644
5000 0.08346959434733588
5050 0.057280468668987936
5100 0.03787778826852531
5150 0.029999204031475036
5200 0.03177101586147302
5250 0.030860650916360886
5300 0.03211979390480562
5350 0.032777474020139995
5400 0.029764796049676145
5450 0.029263727273953266
5500 0.029152100094989076
5550 0.038104073207218175
5600 0.03527382587443912
5650 0.033832186891352256
5700 0.035556483558551254
5750 0.030102424368268377
5800 0.03459474548493523
5850 0.0289405669557662
5900 0.032128063767078004
5950 0.03449959660991416
6000 0.0555753619013159
6050 0.02967569139090195
6100 0.028866372521361747
6150 0.0429352864986673
6200 0.04699422271706244
6250 0.02713802198014082
6300 0.025211520727842836
6350 0.027445583463061148
6400 0.03262424979000693
6450 0.0271476855013326
6500 0.038782744070347826
6550 0.028752357980880532
6600 0.035123773701443615
6650 0.0363630495461442
6700 0.02689753184287211
6750 0.03167282659082075
6800 0.029553444634783856
6850 0.03504980988693763
6900 0.027523204500824752
6950 0.04116313707416025
7000 0.03194189093930398
7050 0.028962878224067703
7100 0.026165983572622523
7150 0.0286096762519608
7200 0.023948202008561938
7250 0.027940801642904443
7300 0.02656788463250477
7350 0.03410284657345065
7400 0.03481818736862827
7450 0.029230071226081667
7500 0.04045574634489372
7550 0.02661358011882396
7600 0.022811361038602453
7650 0.024367166100432852
7700 0.02822512347614105
7750 0.04283960281018635
7800 0.036129215886323986
7850 0.02662292294136133
7900 0.023719870195122082
7950 0.02581755158960669
8000 0.025368390466711233
8050 0.03384144281566317
8100 0.03629264692983748
8150 0.025851955138560142
8200 0.02817953341364588
8250 0.027313550412727927
8300 0.040999439956541435
8350 0.026706317039162278
8400 0.030621882311902094
8450 0.030061356791088473
8500 0.026371223717844783
8550 0.02784528756080393
8600 0.042955224035174155
8650 0.025495365731380382
8700 0.04546539481618934
8750 0.02729124836528296
8800 0.02414283662114209
8850 0.02824440118068791
8900 0.026394367893651873
8950 0.026189191373327345
9000 0.02357451649241157
9050 0.02614605843629864
9100 0.038120140247844894
9150 0.025163731757533146
9200 0.03802240334875272
9250 0.04953365228395281
9300 0.027507059389404363
9350 0.04649580929954803
9400 0.049940441031164774
9450 0.02248660087714422
9500 0.04767120894402447
9550 0.028769517437116428
9600 0.027301840656668366
9650 0.04189815245138315
9700 0.021741471572248993
9750 0.027727804298155672
9800 0.02175252128014193
9850 0.029233097353072033
9900 0.024207109176704548
9950 0.021936250295082227
10000 0.05738997480197322
10050 0.029865401533178723
10100 0.022632550490367456
10150 0.02440143415191795
10200 0.02331556474689982
10250 0.021766877297070258
10300 0.028323846392309344
10350 0.021479105413595396
10400 0.02675846820011827
10450 0.02629010783271451
10500 0.02424372366641947
10550 0.02640965741432117
10600 0.031938098635332014
10650 0.027330766695811953
10700 0.021529363564567264
10750 0.02209177249776879
10800 0.024989031938809098
10850 0.023363973309823097
10900 0.025112436634746032
10950 0.03022866510392725
11000 0.02427974157690894
11050 0.02341138679358671
11100 0.026432321659560037
11150 0.027383110734956317
11200 0.04291294013928235
11250 0.023439872239216765
11300 0.02387300169472578
11350 0.030186055056241244
11400 0.021770231378044576
11450 0.02188505137266406
11500 0.0338666169665569
11550 0.02314574317128929
11600 0.02780294276089817
11650 0.026289472075946334
11700 0.03608327390778335
11750 0.0356137960643722
11800 0.028270034820019045
11850 0.03525869670593141
11900 0.022081569759861072
11950 0.022525922839861986
12000 0.021569811104402814
12050 0.024910961484081267
12100 0.022097385981802574
12150 0.04147098693832382
12200 0.032232078405092686
12250 0.021486047204181152
12300 0.023744887910789526
12350 0.028700166277960557
12400 0.029065744597708294
12450 0.025007894534939522
12500 0.025109643616339036
12550 0.02262257724896724
12600 0.024338635066452927
12650 0.020515194527010713
12700 0.034681744526898
12750 0.023030796013606303
12800 0.019662109960031406
12850 0.020645437690099314
12900 0.019927414329851997
12950 0.033598580010468074
13000 0.022826354049759176
13050 0.02165067245855718
13100 0.0189045156124541
13150 0.05710494074394644
13200 0.029281833101837816
13250 0.026927674229040268
13300 0.02023347937448555
13350 0.0229785979241875
13400 0.030897209096592968
13450 0.02805141467521017
13500 0.02097087472593755
13550 0.024754496089002497
13600 0.05554234781402451
13650 0.03092136691677352
13700 0.03339994369149174
13750 0.02626134715904958
13800 0.018752382331692023
13850 0.04359973349260241
13900 0.02584544662431997
13950 0.03025937771912819
14000 0.018729874796472566
14050 0.024068172247112083
14100 0.03561489691340155
14150 0.02822439027904453
14200 0.018442697111140237
14250 0.03612154291743141
14300 0.018926353635365774
14350 0.03707667631045824
14400 0.0529955516771629
14450 0.018893752215448166
14500 0.020569508593335315
14550 0.022362919401467722
14600 0.019416307318562392
14650 0.03237382229379125
14700 0.0373403747799344
14750 0.021636476584178183
14800 0.021469488639754907
14850 0.024224396398341303
14900 0.019235731534877797
14950 0.020508329862432603
15000 0.018403513380861474
15050 0.019869609240929977
15100 0.01927498175616717
15150 0.017631072399638056
15200 0.01741637779320309
15250 0.019197174638635572
15300 0.024418542091356504
15350 0.01909546355812799
15400 0.02835839788134775
15450 0.019245595681414557
15500 0.01910753185076093
15550 0.02736438477430853
15600 0.02585981204804717
15650 0.023852680884444803
15700 0.020791750044650212
15750 0.028952862660344796
15800 0.02728308271072161
15850 0.03651374764134544
15900 0.02109957148858413
15950 0.0197596577886144
16000 0.0176059347212243
16050 0.02026212813108006
16100 0.020359710118896705
16150 0.026347976855924195
16200 0.029168026940891524
16250 0.020385040847186807
16300 0.018620649983141717
16350 0.028477633229250312
16400 0.017898901900646042
16450 0.020439213664631226
16500 0.018680499333020982
16550 0.03409177133143852
16600 0.02787616565468919
16650 0.03548822257950312
16700 0.02937089335879273
16750 0.01941308117924689
16800 0.022413653664947245
16850 0.06202895729167762
16900 0.04256298819225228
16950 0.01986663868424767
17000 0.036573891319645606
17050 0.04317849589040137
17100 0.02681881992815527
17150 0.0188940905053791
17200 0.018518526395635712
17250 0.023182267215450438
17300 0.020556437204998404
17350 0.01976045920238228
17400 0.032460425039338506
17450 0.03037691836677689
17500 0.017574263771823168
17550 0.01732784519331574
17600 0.018937280110770328
17650 0.01805191022593979
17700 0.019714233668674707
17750 0.024982905540486856
17800 0.016318255499853003
17850 0.019872879888311885
17900 0.01976944318644193
17950 0.016643784062837366
18000 0.0181740918959429
18050 0.029450180767401555
18100 0.034017381627677167
18150 0.06366254936030127
18200 0.025238430061100842
18250 0.017043751882650705
18300 0.01703743204317475
18350 0.019916922562259128
18400 0.0160295511054797
18450 0.016187648243685723
18500 0.031040918236385107
18550 0.02049556593969695
18600 0.02944555163967066
18650 0.0224712189082197
18700 0.02143863024533109
18750 0.0291992786463706
18800 0.021890477329916273
18850 0.030823452765305154
18900 0.018666288769172333
18950 0.017402847770178292
19000 0.03144071713488939
19050 0.028716438399645567
19100 0.02607060078159058
19150 0.026131633948818168
19200 0.019222971886286945
19250 0.02508571913884191
19300 0.0482341229503929
19350 0.03874872829332828
19400 0.03466651206934679
19450 0.021935368339331095
19500 0.017143721282183888
19550 0.020896908756862485
19600 0.015460341773418339
19650 0.03168530850935469
19700 0.02059938307829434
19750 0.016462541057571327
19800 0.036094538896410386
19850 0.02357932582245119
19900 0.023750554379575517
19950 0.014624125499956633
20000 0.02598285964866587
20050 0.018355422439541406
20100 0.01748518268138096
20150 0.015154609881312144
20200 0.014887644042923042
20250 0.02466543348086807
20300 0.03291944247302426
20350 0.01492058433868813
20400 0.014419026689885575
20450 0.02250162452248739
20500 0.017195504803546577
20550 0.01396287888378053
20600 0.02522540414542624
20650 0.01694551785364396
20700 0.02295153162911318
20750 0.022833389762863476
20800 0.02340553989948468
20850 0.01955832220330969
20900 0.014738566870358715
20950 0.015925912875680417
21000 0.019727987615337714
21050 0.014677970271502605
21100 0.023413795766672397
21150 0.018785117874288503
21200 0.01989766670741914
21250 0.014112544041813965
21300 0.0321214558024828
21350 0.04145883156430911
21400 0.012786572860436472
21450 0.035572952481757444
21500 0.025275389085162116
21550 0.014821063773341348
21600 0.0344828637082843
21650 0.05836657176401154
21700 0.029371912779450032
21750 0.013113474732434481
21800 0.029702180055798416
21850 0.014832213462635056
21900 0.012636194234302109
21950 0.013844761151215948
22000 0.02305574715261775
22050 0.01980294990156153
22100 0.020186880313994997
22150 0.01748316651048432
22200 0.012837914668226
22250 0.012490579142939159
22300 0.02123918578522201
22350 0.020757738694974166
22400 0.017192349101228497
22450 0.017181483423152066
22500 0.010905734905399676
22550 0.013140983615349827
22600 0.014910525356948007
22650 0.018993189657596474
22700 0.031553144463761916
22750 0.03757619147473229
22800 0.01983470990273489
22850 0.011943671533023148
22900 0.024819683966204587
22950 0.03411261828197068
23000 0.014159971908137418
23050 0.016322270975940054
23100 0.02144659819421859
23150 0.018430241872020237
23200 0.01312630836692892
23250 0.018111612684168336
23300 0.02248814132629324
23350 0.024119909738595496
23400 0.011817367686052875
23450 0.017025021869769025
23500 0.011900957973199398
23550 0.014153963226301337
23600 0.013315053248112836
23650 0.011564091359897605
23700 0.011830157537935478
23750 0.01324930902407603
23800 0.01451253655265442
23850 0.028084359973778044
23900 0.02721184443999652
23950 0.03779850056325216
24000 0.023659955705352034
24050 0.02155518894615248
24100 0.018878449200584978
24150 0.01826097268073676
24200 0.02350593214853372
24250 0.021529917297854646
24300 0.01953270676520686
24350 0.019333139734759752
24400 0.020086479325415147
24450 0.02959049683448604
24500 0.02033600384254519
24550 0.01135454673626784
24600 0.014648759471915176
24650 0.011581163494870015
24700 0.013852230048073108
24750 0.030938125556336786
24800 0.015736903385593894
24850 0.022652687940586787
24900 0.017261437301428508
24950 0.011770034382864213
25000 0.016387569690520545
25050 0.013381259890055574
25100 0.012023519345755457
25150 0.020664054598347373
25200 0.014197839357713411
25250 0.01743246324477374
25300 0.01771244988500736
25350 0.01168289495856633
25400 0.011318109476119461
25450 0.012632185459575467
25500 0.012810651074507944
25550 0.01659161131622012
25600 0.014679491912797748
25650 0.014192550387029542
25700 0.030009383900364697
25750 0.01236205757119861
25800 0.018493753826321742
25850 0.014117158499562113
25900 0.01734098240659086
25950 0.02118139541538129
26000 0.022869369867807545
26050 0.019480446260965133
26100 0.012114390022769273
26150 0.013261907413124243
26200 0.011516958874519765
26250 0.015576502794945253
26300 0.011464218690431117
26350 0.012343111278822648
26400 0.032221361167057636
26450 0.0287438048957204
26500 0.020210145933965487
26550 0.018791463480334426
26600 0.010199032296457612
26650 0.011682105961809042
26700 0.011921763738375406
26750 0.013179712498871883
26800 0.011921635576884597
26850 0.012607486640173637
26900 0.012557297873148085
26950 0.01498508894724104
27000 0.013382386380824726
27050 0.010350665867054664
27100 0.026051525475369684
27150 0.018239276671512396
27200 0.011405089631567352
27250 0.011073445567355943
27300 0.013157586354199086
27350 0.011692264808908148
27400 0.03874811290212724
27450 0.01247633738963955
27500 0.03862665460008099
27550 0.021608646154315358
27600 0.02810092695565217
27650 0.010565924708770519
27700 0.01348226479731497
27750 0.01408815479002201
27800 0.010599249921280699
27850 0.01061920044154552
27900 0.011013131278052387
27950 0.0104814544268374
28000 0.014359557285827088
28050 0.016342727732733518
28100 0.011206534208521132
28150 0.013178998977742341
28200 0.014916198009990663
28250 0.009968865450555786
28300 0.010206081843877656
28350 0.010644537574757286
28400 0.01049577348462782
28450 0.03403181239503151
28500 0.025688824211148813
28550 0.023537744161077807
28600 0.011180095354639978
28650 0.015492542373478904
28700 0.029702666965391603
28750 0.012964635503402346
28800 0.011128652583415877
28850 0.016214752100205593
28900 0.014853661103734513
28950 0.023275496827151375
29000 0.010120377724246727
29050 0.009733363443510123
29100 0.010216531775411678
29150 0.01429143865624632
29200 0.023236256853081963
29250 0.01717774621093367
29300 0.00962727574770721
29350 0.00946487832691337
29400 0.012155742648999806
29450 0.025100618292852542
29500 0.033169039914727624
29550 0.010857258476305774
29600 0.009974550358169423
29650 0.01578196842472341
29700 0.019902999900219192
29750 0.013760506063124517
29800 0.011032010538498038
29850 0.010675283711877578
29900 0.011975893663250478
29950 0.016809754207847943
30000 0.03485153194148274
30050 0.03509508060847868
30100 0.02394951803076199
30150 0.020740513963081596
30200 0.010936915494394087
30250 0.01627876523468834
30300 0.015082594995929541
30350 0.011563537379228082
30400 0.02195442949884702
30450 0.011084621164119592
30500 0.008685880577084502
30550 0.012275674829786816
30600 0.01269717510879849
30650 0.015602294265835256
30700 0.01630584664099213
30750 0.012317703003047544
30800 0.008576074544786821
30850 0.010664674296516836
30900 0.011777898685830058
30950 0.008891431348354456
31000 0.009002513459179162
31050 0.018547567309264847
31100 0.008616236118649406
31150 0.014887414104815864
31200 0.010082262361588806
31250 0.009542688194977387
31300 0.008987177191670618
31350 0.009762691421888226
31400 0.01709300907520779
31450 0.009739009392151911
31500 0.0114145405031267
31550 0.0097828575842065
31600 0.013839434897784284
31650 0.016046816191548182
31700 0.01866196528628416
31750 0.01095561776387269
31800 0.014203855353127804
31850 0.01890486404494246
31900 0.009804989846648024
31950 0.019809785659421448
32000 0.02207191028705632
32050 0.011857770207381439
32100 0.012275790056360125
32150 0.01309640138442028
32200 0.011893799964005506
32250 0.009210938277204856
32300 0.017722207639172278
32350 0.027107351918584554
32400 0.014917404072211185
32450 0.010966313346099602
32500 0.014219556976526907
32550 0.020852179148438402
32600 0.012873189249986258
32650 0.008882153162499781
32700 0.01701212351525307
32750 0.011523734029957055
32800 0.009614436697846368
32850 0.01002313695070783
32900 0.012193319091803559
32950 0.011130276904459483
33000 0.016584063025465653
33050 0.0208123829201532
33100 0.04333398911243931
33150 0.024136709976427813
33200 0.013495592794935111
33250 0.01992125679717228
33300 0.01745545485887599
33350 0.010607405131034697
33400 0.01659869716638271
33450 0.015238052941052382
33500 0.02079851921934452
33550 0.009776052411948009
33600 0.012322050241924723
33650 0.010486217085710306
33700 0.016216569467926822
33750 0.009499479222131435
33800 0.009225388870747234
33850 0.009835355584260071
33900 0.015404469160247434
33950 0.013983833886154302
34000 0.014820687073953542
34050 0.01044015969543766
34100 0.011517130883800252
34150 0.013355958725649628
34200 0.01089872624255377
34250 0.012899846172856203
34300 0.009521238723042405
34350 0.021215680953192845
34400 0.02950888590785717
34450 0.027061376839277836
34500 0.011932532986287806
34550 0.010214671250902672
34600 0.012518024892001744
34650 0.009703948737789566
34700 0.009269606477675602
34750 0.01287355473165771
34800 0.02105780229156736
34850 0.010498907501180184
34900 0.025969718900148955
34950 0.02056448038573552
35000 0.009368626413545736
35050 0.00859209500113325
35100 0.008464299864927272
35150 0.010652730874293298
35200 0.010121962320580501
35250 0.011628642654469784
35300 0.00922833531767397
35350 0.008363770641446566
35400 0.008654199840477292
35450 0.008825141126303324
35500 0.009929451548232871
35550 0.011031752178405112
35600 0.009869872307134946
35650 0.014541215212668383
35700 0.014781582156467448
35750 0.008594712682331907
35800 0.008758011669329206
35850 0.015000324649957179
35900 0.010610650839779003
35950 0.011807577040428438
36000 0.008869834474933698
36050 0.008784019781373912
36100 0.008525534972697996
36150 0.008784028969476741
36200 0.008524268249881358
36250 0.00889649264097286
36300 0.010227573875157702
36350 0.010698364786316548
36400 0.010013838750566433
36450 0.009030963356976562
36500 0.008576545594301084
36550 0.009155050845035108
36600 0.01811525235146558
36650 0.011191361770101917
36700 0.011202281357467456
36750 0.009728358672322501
36800 0.008940508601575638
36850 0.009385591236972494
36900 0.01539785078346583
36950 0.01661573870513719
37000 0.018780982278598
37050 0.01564829458851347
37100 0.014167299434970837
37150 0.00997076470100988
37200 0.012144328807909962
37250 0.024212057224061907
37300 0.015100221255036666
37350 0.013964721279024813
37400 0.008945507374053327
37450 0.015148078595096804
37500 0.01762359888634376
37550 0.013631499164531649
37600 0.012169285351734886
37650 0.01481296034453967
37700 0.010414392075445178
37750 0.017236077196279682
37800 0.011613035531793532
37850 0.00916083383468937
37900 0.009292349250714592
37950 0.011327020700063474
38000 0.01355282435693459
38050 0.010124872847936029
38100 0.007709082930105193
38150 0.010132054883835484
38200 0.014080211170304608
38250 0.011193319395553791
38300 0.010461723778392653
38350 0.00925093327024826
38400 0.010385169978961722
38450 0.009988992294172449
38500 0.007692809311914832
38550 0.01586564065625372
38600 0.01575128730827105
38650 0.016104984928383373
38700 0.010467544654378708
38750 0.008335607688402025
38800 0.008126499244829328
38850 0.00884050769755637
38900 0.00745054427649263
38950 0.008164467006641703
39000 0.010628554787891691
39050 0.008546789111995367
39100 0.008154438464974486
39150 0.013649687144292747
39200 0.018154929973895444
39250 0.017705116031573584
39300 0.011446185865091787
39350 0.009395879821869286
39400 0.008343809045348418
39450 0.008627685622887177
39500 0.014881356692580137
39550 0.007665148044429959
39600 0.009287145714825227
39650 0.010392348850185446
39700 0.00752427388289589
39750 0.010005846978706108
39800 0.007873142860913144
39850 0.012937247832763931
39900 0.011951289437213969
39950 0.010872678060575156
40000 0.016874818386850697
40050 0.017068473331406275
40100 0.014317786000742223
40150 0.010550932335293405
40200 0.007944686930063352
40250 0.008738455468315144
40300 0.009661624007074878
40350 0.011032416647357107
40400 0.013108559121442346
40450 0.013953277268022812
40500 0.010585231625505604
40550 0.010670939494103535
40600 0.009205631325223874
40650 0.00860311880551481
40700 0.007992528486630492
40750 0.008464478253997373
40800 0.01272527477524325
40850 0.014480262768924262
40900 0.01340817367370824
40950 0.015102055425001868
41000 0.012543293762866869
41050 0.014769223024024255
41100 0.010422471675173576
41150 0.008861807800272837
41200 0.012355624285997749
41250 0.014615333809751023
41300 0.013801041972897249
41350 0.011107073263250307
41400 0.010310827166137498
41450 0.012205956213823737
41500 0.011082090964537473
41550 0.008192633128704262
41600 0.010037065426438934
41650 0.013796585541569262
41700 0.015396134059002609
41750 0.009612169639897243
41800 0.010407802937025408
41850 0.007838818940014175
41900 0.007651219847474111
41950 0.007278967316245429
42000 0.010907554350693521
42050 0.01125333683122068
42100 0.015709910271665194
42150 0.01938849464630209
42200 0.019938153324096992
42250 0.016263282313922718
42300 0.018325420850246528
42350 0.01638916611083634
42400 0.015580083405697292
42450 0.015897460278804926
42500 0.016241077237456058
42550 0.010920922800037869
42600 0.013394004266051838
42650 0.0148803598573922
42700 0.013399539122513411
42750 0.021251460330441927
42800 0.02529437852437015
42850 0.02578999539365719
42900 0.016397310691993194
42950 0.019679619207704536
43000 0.017258184509802717
43050 0.02223150790866154
43100 0.020308454295351754
43150 0.017471118696794505
43200 0.009649027683551189
43250 0.008501715642174341
43300 0.008087482560508017
43350 0.00836064355836948
43400 0.007895590745615166
43450 0.01221852769901873
43500 0.01089099465400636
43550 0.009043154167457278
43600 0.014493835210078628
43650 0.013602611077762826
43700 0.011090952675334685
43750 0.011868125802281677
43800 0.011091513826656447
43850 0.008728066568928008
43900 0.008178929163410068
43950 0.012731848047574972
44000 0.013130431757056516
44050 0.011575860518043504
44100 0.007443364916888826
44150 0.007734049655141461
44200 0.009866541988285153
44250 0.007883145298591852
44300 0.007657917341853795
44350 0.011167366743329413
44400 0.00920921717167779
44450 0.010201684212141272
44500 0.01416471185969952
44550 0.014640930484160338
44600 0.011934310027481436
44650 0.011828531215479053
44700 0.012919950337603802
44750 0.012136538621055808
44800 0.008158531024975244
44850 0.011309962189227434
44900 0.007701495049872576
44950 0.007589331747053079
45000 0.009706116999534766
45050 0.00851682626377579
45100 0.009073700059008337
45150 0.008408194691097806
45200 0.00986969245188327
45250 0.010857691095606395
45300 0.010973634944305723
45350 0.008937385237516181
45400 0.009469068338485912
45450 0.00894844331768251
45500 0.008406331788393664
45550 0.008093829854431788
45600 0.007821580308097391
45650 0.007773959289403986
45700 0.007169339964908908
45750 0.008879146706853235
45800 0.007960166904650507
45850 0.008992664398372468
45900 0.007822501949741439
45950 0.007589451322690208
46000 0.007191255787916513
46050 0.008034493083404846
46100 0.007228848659834472
46150 0.00803878416578773
46200 0.008117251711194621
46250 0.007904560212259486
46300 0.007978129733253942
46350 0.0076380067513226475
46400 0.008592047112146997
46450 0.008481302956106922
46500 0.009575628856051243
46550 0.009212124421334998
46600 0.011632107539093528
46650 0.011159228875718116
46700 0.009784566999166444
46750 0.010071151426561686
46800 0.010610822890268172
46850 0.011473990126429776
46900 0.008281309945440263
46950 0.008332762916604923
47000 0.00784234271093965
47050 0.007885076103757153
47100 0.008197424622644285
47150 0.008424832397912967
47200 0.009246423600062986
47250 0.007611076223115572
47300 0.007506186258394355
47350 0.009613213463529217
47400 0.010009069062809104
47450 0.0125479085611361
47500 0.009616146225532942
47550 0.010284879628794761
47600 0.010166586919087953
47650 0.009650344631940911
47700 0.007799349135027473
47750 0.008031816655981435
47800 0.009800631957511166
47850 0.008043893130086051
47900 0.007683889246473357
47950 0.007546105117828813
48000 0.008642883411813611
48050 0.009217757021701415
48100 0.00777637961790688
48150 0.008167611205179183
48200 0.007718681450680031
48250 0.008524942368090857
48300 0.007932775225229687
48350 0.007590602395263118
48400 0.008215287864701389
48450 0.007907687250537346
48500 0.008654980620323004
48550 0.008900133789660801
48600 0.00868014023617803
48650 0.009289453582971324
48700 0.009070319074721783
48750 0.009866623117921343
48800 0.012532012951763679
48850 0.011047417111261794
48900 0.010134093648097722
48950 0.010345228658595598
49000 0.009083541330507237
49050 0.008821672150884884
49100 0.00784880508840074
49150 0.008607152685264715
49200 0.009389831729906964
49250 0.009366070538563705
49300 0.009079759535701346
49350 0.009432495063250541
49400 0.008986376737891507
49450 0.007744932703097803
49500 0.007807342254683002
49550 0.009397036447509393
49600 0.012117002990018092
49650 0.014788956716993326
49700 0.01496254105511472
49750 0.01464005343921583
49800 0.014850044457897374
49850 0.015047145469120194
49900 0.01718663490539169
49950 0.014836317453185125
50000 0.01579020153177753
