50 0.9947778588703332
100 0.9925165469169565
150 0.9903743256520696
200 0.9872605671138778
250 0.9810880873519735
300 0.9665919566440889
350 0.9328118701333272
400 0.8793914789385324
450 0.7667150649349062
500 0.5852002085236586
550 0.4798816073165088
600 0.33269802998977516
650 0.2736559654755678
700 0.26802135586691533
750 0.19943363659594454
800 0.17996063072224167
850 0.15212052138120413
900 0.12749279125137075
950 0.14689387716068114
1000 0.1282756696028901
1050 0.14635612271453455
1100 0.12286195226558783
1150 0.10521952865189682
1200 0.11850870491215706
1250 0.10138018144395955
1300 0.2400847831136111
1350 0.1682603310468305
1400 0.11590798205520374
1450 0.09751760031980136
1500 0.08338759503735915
1550 0.1117116462455609
1600 0.09682915398112217
1650 0.09174812126655317
1700 0.08413498141945021
1750 0.08809819953107982
1800 0.07084378337964489
1850 0.17119848954098935
1900 0.0837625499428201
1950 0.06734401235120689
2000 0.06442068546200105
2050 0.06404490290471765
2100 0.13075407954369467
2150 0.1717104242925494
2200 0.07784235858458739
2250 0.07400830230011034
2300 0.06262818968955453
2350 0.05770638524480427
2400 0.0569874190901257
2450 0.051651625943878676
2500 0.06331052731330063
2550 0.042818448495640954
2600 0.059736247211712556
2650 0.13297402771169292
2700 0.08523494017852337
2750 0.05417492854577805
2800 0.04914758113384016
2850 0.07806189362067652
2900 0.05777708917195819
2950 0.052597619999513186
3000 0.04141739188627318
3050 0.04694600249339474
3100 0.05949019775129083
3150 0.04331989186738049
3200 0.041932546345010084
3250 0.08011893908308942
3300 0.03890566681085079
3350 0.04527791231538295
3400 0.03754827004744397
3450 0.03766923541530315
3500 0.06054401612527302
3550 0.03399059607685976
3600 0.030179622538900126
3650 0.05298332227177486
3700 0.03493465691856911
3750 0.03147851673250901
3800 0.07868694879006521
3850 0.033427628634363535
3900 0.056482748159447295
3950 0.09617942913770137
4000 0.03431579038798923
4050 0.03160964949927477
4100 0.04650954444869159
4150 0.029032199444568547
4200 0.03859067803149404
4250 0.11212729945743324
4300 0.03261807076294638
4350 0.030994760479909275
4400 0.034178916061656
4450 0.04296608477563553
4500 0.04037206474050828
4550 0.057495592971094994
4600 0.07858965745283171
4650 0.059088473633751186
4700 0.03702147951938835
4750 0.07464078431659218
4800 0.04386206180170986
4850 0.08373090821845945
4900 0.06867399861816786
4950 0.027228214797137464
5000 0.02758097555036996
5050 0.027698695670386953
5100 0.023765508425806433
5150 0.0272077964146872
5200 0.031058988181473585
5250 0.023614414973144798
5300 0.025527254895637834
5350 0.02301572675288029
5400 0.03757795338908142
5450 0.032028363032140524
5500 0.029418445537940378
5550 0.024101582132204032
5600 0.024958693203609435
5650 0.06439870980963146
5700 0.026318188949986332
5750 0.025123376988507404
5800 0.028167972747573485
5850 0.02071084438682974
5900 0.02705677982518874
5950 0.03801298868336222
6000 0.021712516140143714
6050 0.028912755527931953
6100 0.01909314015452045
6150 0.03211279352337801
6200 0.024265865624362348
6250 0.023148234662495125
6300 0.02116825384151396
6350 0.03442919179232834
6400 0.029730523780676418
6450 0.03208179584653086
6500 0.026846131454807017
6550 0.04632983906196379
6600 0.027094977485859307
6650 0.025088967814460267
6700 0.03531431697194343
6750 0.028115452191426048
6800 0.02158166969558724
6850 0.027106919562439963
6900 0.030506012823235253
6950 0.04734052593808439
7000 0.017770183603914004
7050 0.032776917423173395
7100 0.019383159720342658
7150 0.030142074792461667
7200 0.025032421326298102
7250 0.04831492630206765
7300 0.01964037323282345
7350 0.02035666778359669
7400 0.029541284884301158
7450 0.0330475247726917
7500 0.03204307708375038
7550 0.018606991709436253
7600 0.026805728959724377
7650 0.01760323616605421
7700 0.02272583331852503
7750 0.026638125975116476
7800 0.029889858088315964
7850 0.03431784346394964
7900 0.03137546302792204
7950 0.02009159292189347
8000 0.017812054544336504
8050 0.020678464697450643
8100 0.018173942649933408
8150 0.02829472476731344
8200 0.028665080876930104
8250 0.020445643049097267
8300 0.01938428488625195
8350 0.018653964194537773
8400 0.017311798075701046
8450 0.01745598093913011
8500 0.036420256561901655
8550 0.016627574815470152
8600 0.01645728356168864
8650 0.021959025936778183
8700 0.016603220211649082
8750 0.019335280565028787
8800 0.016854466896665938
8850 0.018482578330182815
8900 0.02445505709968449
8950 0.022256091459246626
9000 0.01926798234800897
9050 0.016531742987073723
9100 0.03870573463181308
9150 0.023346147478047242
9200 0.021927359829477577
9250 0.018345542231716295
9300 0.021402632901211704
9350 0.02154754651017366
9400 0.01620367682420967
9450 0.030473377775082217
9500 0.05716391074456569
9550 0.018403528352376592
9600 0.017182996751814287
9650 0.03353933359753358
9700 0.026198793788845424
9750 0.030826512013534674
9800 0.01871640322944623
9850 0.05222545408935852
9900 0.03224157899864149
9950 0.052060953869894025
10000 0.048133014879169454
10050 0.017121241822906728
10100 0.01674043954245402
10150 0.01849113075078887
10200 0.01749119932964981
10250 0.02085796396823303
10300 0.017648208973165203
10350 0.019841981343644316
10400 0.02584518216081669
10450 0.029892520595543523
10500 0.023824191642931026
10550 0.02598928227225733
10600 0.016480252091430433
10650 0.01809705423867032
10700 0.018987569802301547
10750 0.01903676359724536
10800 0.025443022336674646
10850 0.028785317975504997
10900 0.01831297810451053
10950 0.023151405524527675
11000 0.01924500356314462
11050 0.016432402845272854
11100 0.02952249522552608
11150 0.02427793504165948
11200 0.023152971033125625
11250 0.015420109787595417
11300 0.016910767287731304
11350 0.017198398797685407
11400 0.02181927558425113
11450 0.01809123428065422
11500 0.02382827453146096
11550 0.01797569517278318
11600 0.015994245729524032
11650 0.014397882664806204
11700 0.024379939335502202
11750 0.024292730430898392
11800 0.0315321891046478
11850 0.020088507459373687
11900 0.013721633879857411
11950 0.013396273890844492
12000 0.016441492113961925
12050 0.023754310236239765
12100 0.014807021640843866
12150 0.015201683192063296
12200 0.014189170029103094
12250 0.0153996534946189
12300 0.02045124083649988
12350 0.015571066589113943
12400 0.014183743097493403
12450 0.023630727295777428
12500 0.025138957969182495
12550 0.020885173567587272
12600 0.014178980292119997
12650 0.01482424092618985
12700 0.027471201622309503
12750 0.013925070035289287
12800 0.029891412539963594
12850 0.0321780372901002
12900 0.01804183878110183
12950 0.01907900878759814
13000 0.01678157338597689
13050 0.026994825906002155
13100 0.01972291553577207
13150 0.030933332204864224
13200 0.013281034962173142
13250 0.02123713266567736
13300 0.01632889881017904
13350 0.033128746499682275
13400 0.013783967309807113
13450 0.015722827371338434
13500 0.01766273692690756
13550 0.012547275009047811
13600 0.015801503171610606
13650 0.04394732376565413
13700 0.02150977397819761
13750 0.016206508715942914
13800 0.02694040098932394
13850 0.029474312610096805
13900 0.018420975978109197
13950 0.01907238289061928
14000 0.014548400797847012
14050 0.031173882474416766
14100 0.03076115146147183
14150 0.015192270251079944
14200 0.017776889747533456
14250 0.013875131971474018
14300 0.014281613853692194
14350 0.050743198059146455
14400 0.024891017206938214
14450 0.014153685518436218
14500 0.014170771100452619
14550 0.020458637543402634
14600 0.012786951020862265
14650 0.016984375058581885
14700 0.014274246154105046
14750 0.018782763283376646
14800 0.02649921742544267
14850 0.021153083367513228
14900 0.03205878066485108
14950 0.023581330070946458
15000 0.01565020104602845
15050 0.017457941972755124
15100 0.013337668242530054
15150 0.013122437944791551
15200 0.014863298742677177
15250 0.022590767556912944
15300 0.012061198230076559
15350 0.01834645444685806
15400 0.03574610002292371
15450 0.011894614511476928
15500 0.012669341742340856
15550 0.0183850102208771
15600 0.023006426966057633
15650 0.03793861682664714
15700 0.057694445532044926
15750 0.02580989335510083
15800 0.024368103101593777
15850 0.015293273374891692
15900 0.027416954561372962
15950 0.024348187456325266
16000 0.017632389962245205
16050 0.014282326680304982
16100 0.011973452918045604
16150 0.02420533652612511
16200 0.03595910881754581
16250 0.03476889654813186
16300 0.01470276712991261
16350 0.015617530294489737
16400 0.01796144411524953
16450 0.013813767979271873
16500 0.012348534029448886
16550 0.01459789841119279
16600 0.012003786579751912
16650 0.034333252167258535
16700 0.015599908619243907
16750 0.01151448259294055
16800 0.012143492111955709
16850 0.013481236886207965
16900 0.023348459923322382
16950 0.014683716649206794
17000 0.018016131488203115
17050 0.016290000295317204
17100 0.015573909417381989
17150 0.02192112857468255
17200 0.02553903620868896
17250 0.013746093914187699
17300 0.017967572810028382
17350 0.015445306843862087
17400 0.012428242727684875
17450 0.022522770538727376
17500 0.01490583868470681
17550 0.017015441472267183
17600 0.016258060645567816
17650 0.01901442415156605
17700 0.02790385587519594
17750 0.03377467958789384
17800 0.014893972728917012
17850 0.013698216728640118
17900 0.049301272867013454
17950 0.024205996080864007
18000 0.012319005872893146
18050 0.03476944301871622
18100 0.034540075152899585
18150 0.028669177760272765
18200 0.017282918054738857
18250 0.014911575471471821
18300 0.012524561836889908
18350 0.027280424185223768
18400 0.01980865293071972
18450 0.013217882902315747
18500 0.01129973702984305
18550 0.030385189180792267
18600 0.026213082127010127
18650 0.023170444353134263
18700 0.024086018833450056
18750 0.01122374972866989
18800 0.011795501756904522
18850 0.01648396205902716
18900 0.012341579018840568
18950 0.011686312894421137
19000 0.01247456545321819
19050 0.012447058075860048
19100 0.023756767943257207
19150 0.019845989016597572
19200 0.013956167132941849
19250 0.02452238227157881
19300 0.028502174294991287
19350 0.011967601111371021
19400 0.017662171219071366
19450 0.02463523755766735
19500 0.034366901295453896
19550 0.012271305393721158
19600 0.013632612191313993
19650 0.03735132052692498
19700 0.028056995004784983
19750 0.022786268328329508
19800 0.02277040349561546
19850 0.022431774713607976
19900 0.04028815770885305
19950 0.02640224009122212
20000 0.03864505126789316
20050 0.03953710827919844
20100 0.01755254195951595
20150 0.013397522924424343
20200 0.021362646201629868
20250 0.019225738560971466
20300 0.02089035479369929
20350 0.015475178856170326
20400 0.022084051585508947
20450 0.01050977009300979
20500 0.022651282811570483
20550 0.019114175475091033
20600 0.03542949973098452
20650 0.011422494273923542
20700 0.031022820944903433
20750 0.023154828475248336
20800 0.014565716487677415
20850 0.01988739746678002
20900 0.01684149791379364
20950 0.017854532254642858
21000 0.0193457327654935
21050 0.013525749751974094
21100 0.023767319918609343
21150 0.014143860063132722
21200 0.011834713350362387
21250 0.014790724913001265
21300 0.03089654392343504
21350 0.012648912849872412
21400 0.02051923308920216
21450 0.011388582587913403
21500 0.012478027405191314
21550 0.03184645185025215
21600 0.011221692267990666
21650 0.016619577459561562
21700 0.01708251059407369
21750 0.016302574430086203
21800 0.018177117907333853
21850 0.010215477455911743
21900 0.012595856492181822
21950 0.028468013112360326
22000 0.010257006310220227
22050 0.013656197937420742
22100 0.013341346429153942
22150 0.01725007224716556
22200 0.01596081177920461
22250 0.01777316240435598
22300 0.024909585656299645
22350 0.009597415322766627
22400 0.01224677561218748
22450 0.016821444978256602
22500 0.017977784986123593
22550 0.04491690193271691
22600 0.009922183701789489
22650 0.014247788028898265
22700 0.018959580719910975
22750 0.010513373386695802
22800 0.03096284329091112
22850 0.017809979609949855
22900 0.013443093171910725
22950 0.016086975960078128
23000 0.012294735622712081
23050 0.02885338209255412
23100 0.01239112267685506
23150 0.018218628268460154
23200 0.020017808504464295
23250 0.01830274186193877
23300 0.03834027125585131
23350 0.017066204500769573
23400 0.02366864243481984
23450 0.03255001695938014
23500 0.01212335916048376
23550 0.015918224422336293
23600 0.01759834499150074
23650 0.010681468238455151
23700 0.011551831558629376
23750 0.011376098230049125
23800 0.017820686575244212
23850 0.03241058797636417
23900 0.010925275298998017
23950 0.01221996398351619
24000 0.014990432391918095
24050 0.023054398254468485
24100 0.013239045860750044
24150 0.01431389610707727
24200 0.021332517073223638
24250 0.024926302305522622
24300 0.02101291080123243
24350 0.011338080336770034
24400 0.010988969249580139
24450 0.013729463608610536
24500 0.0228483540149728
24550 0.012377151561474307
24600 0.016360268688244774
24650 0.01485388133911072
24700 0.015719297359635648
24750 0.010762383278095883
24800 0.010590126033584134
24850 0.025173072745533376
24900 0.023441680180779335
24950 0.011380593932329708
25000 0.013799265572458867
25050 0.009910270231418562
25100 0.010368367718458055
25150 0.008335298825354569
25200 0.00805602163519185
25250 0.009904641608267402
25300 0.009660053905793038
25350 0.011596129218780211
25400 0.00914834351132079
25450 0.009297626300685256
25500 0.015040226935057526
25550 0.010893776084178741
25600 0.010603346149097623
25650 0.016251810144125866
25700 0.016153191938623142
25750 0.015069490432285605
25800 0.011590811703554032
25850 0.010047869780654693
25900 0.015636464574158047
25950 0.032896543189509395
26000 0.011240446726160246
26050 0.008291557967348437
26100 0.023231111853727414
26150 0.012298819294915856
26200 0.010579131405340964
26250 0.009302201982533497
26300 0.018194522086423394
26350 0.016530164329764573
26400 0.015413800918227919
26450 0.013131666225315334
26500 0.01145258848188024
26550 0.01126613299549958
26600 0.008914480066574481
26650 0.008497739532456385
26700 0.00879790634780493
26750 0.014089486326035485
26800 0.00825731889068472
26850 0.010372925992431704
26900 0.01233376477784439
26950 0.009578549010534046
27000 0.0100449749282155
27050 0.008451207893803424
27100 0.010314597411870071
27150 0.011870539371102462
27200 0.009949797824713523
27250 0.020811735151735098
27300 0.020527308387547002
27350 0.011517154237617977
27400 0.019088124012905577
27450 0.00885628885333393
27500 0.01302702900990219
27550 0.018054085962457854
27600 0.01830687125439685
27650 0.008769471426209364
27700 0.013428274681591797
27750 0.012969694956566987
27800 0.0271209005880598
27850 0.024990792395533354
27900 0.009648661227753538
27950 0.014265669294038686
28000 0.02365772093870068
28050 0.010012698320967663
28100 0.009803502387796712
28150 0.013112162501784144
28200 0.008182562916282205
28250 0.009004830302066488
28300 0.009537680352042896
28350 0.01006428362271757
28400 0.018863538870703897
28450 0.016344530953663606
28500 0.014365845313350173
28550 0.010929521908791257
28600 0.010885382985408027
28650 0.019609168031553974
28700 0.016866791955480277
28750 0.016491017838844147
28800 0.012005100623764996
28850 0.01430798862329417
28900 0.026104092403738115
28950 0.015968735829450804
29000 0.01171659130132237
29050 0.011901494511370469
29100 0.016019109900545572
29150 0.025101612134282802
29200 0.0160967354404255
29250 0.009681001650983394
29300 0.01050386967380278
29350 0.03318623122598489
29400 0.026427836932404646
29450 0.014221281818678396
29500 0.009719721611287865
29550 0.010767561793103678
29600 0.013727241194520455
29650 0.01966713353055184
29700 0.027368113837955715
29750 0.02692231117259253
29800 0.02809370926964091
29850 0.014275233891473628
29900 0.010156707824458353
29950 0.010755373112444273
30000 0.011053078404129998
30050 0.017297914244451908
30100 0.01642009352485675
30150 0.02777393686294225
30200 0.018391927142682882
30250 0.021132607160950577
30300 0.03173252673449389
30350 0.019925312750039892
30400 0.011907271845452577
30450 0.011263944059053187
30500 0.010629669798279593
30550 0.016570969415596305
30600 0.010048265100906327
30650 0.015090946947583003
30700 0.012910336309112452
30750 0.01097491946076797
30800 0.01396367257374746
30850 0.009788572965512091
30900 0.007988820402966924
30950 0.016508405609054633
31000 0.013145003594797039
31050 0.010379656382890196
31100 0.017534654833401237
31150 0.0184078183642244
31200 0.013494273740871117
31250 0.01283037999354149
31300 0.008563522929680703
31350 0.008859235325698338
31400 0.012492693751033101
31450 0.011215266773702059
31500 0.01696587033364913
31550 0.024001786943267083
31600 0.01201862879958664
31650 0.01734095627707636
31700 0.009380285603412296
31750 0.010854747261048533
31800 0.009995231140683673
31850 0.009341453320644698
31900 0.008600721440404854
31950 0.014967299553588921
32000 0.012661109002496866
32050 0.0124445376542692
32100 0.01102607571986449
32150 0.009930454230615535
32200 0.018829645020701915
32250 0.009109965704736494
32300 0.010949013715806822
32350 0.017366769109237623
32400 0.015754094994780282
32450 0.010371646489603304
32500 0.009739689628969773
32550 0.007759783255284437
32600 0.010000120220577407
32650 0.01703431090397511
32700 0.020348344463264847
32750 0.02976664451472135
32800 0.013656111787765147
32850 0.009634412731337761
32900 0.01151482431227493
32950 0.015423253601182603
33000 0.013743947452665129
33050 0.009127130700232054
33100 0.015071137635339127
33150 0.010295343999138682
33200 0.013652722784685475
33250 0.00953926893605328
33300 0.010292246890438906
33350 0.012898801522991492
33400 0.01309094598425499
33450 0.008709020505409523
33500 0.00922747276756068
33550 0.008939425867305508
33600 0.010760835832914805
33650 0.009360646795006271
33700 0.01645584484661763
33750 0.011980750979507217
33800 0.011115673520703393
33850 0.009345627734573017
33900 0.009886126020543708
33950 0.01109906428409734
34000 0.01370816528513397
34050 0.009460833235479473
34100 0.009688313081826024
34150 0.009023740234287137
34200 0.010670681894224304
34250 0.030297942383237984
34300 0.022736575071021833
34350 0.008560520285399406
34400 0.010900390272078425
34450 0.015144739339396494
34500 0.010426203147526613
34550 0.008572535802114986
34600 0.008287572415592241
34650 0.016184222260662455
34700 0.010267531476952646
34750 0.016399533393886126
34800 0.01168875253470196
34850 0.010466652317983901
34900 0.011956599950031909
34950 0.027006549280486077
35000 0.022726577594713426
35050 0.020296509690003527
35100 0.021310359881861557
35150 0.020619376296066794
35200 0.02017184662701758
35250 0.01715061299560778
35300 0.01054088312322721
35350 0.009012299764571314
35400 0.0093889363260553
35450 0.011596790030209522
35500 0.007982625410366328
35550 0.009638595339049136
35600 0.009655698632646315
35650 0.009488961422958908
35700 0.015110561911305208
35750 0.008227803988417739
35800 0.009623625486895725
35850 0.007651110759869424
35900 0.008436250613538407
35950 0.0085906272729968
36000 0.010076361730084554
36050 0.010209449496563796
36100 0.010292774679154177
36150 0.009303524643100117
36200 0.008477041582927882
36250 0.008450948815694937
36300 0.009557527705507125
36350 0.015644599305779265
36400 0.009854886192711798
36450 0.008812306752970369
36500 0.008626138505773323
36550 0.008427816203444894
36600 0.00942110813687798
36650 0.011029596584790318
36700 0.00951034033380195
36750 0.00963876550119922
36800 0.007794229998232073
36850 0.007590512779103576
36900 0.008689204828046703
36950 0.007394558498515573
37000 0.009381145967340854
37050 0.007510309024944952
37100 0.007901064579084292
37150 0.007703713497801817
37200 0.008468949799782426
37250 0.013258128656249169
37300 0.013197702518136789
37350 0.014223783950819177
37400 0.016253923165561703
37450 0.012545197376980722
37500 0.010702992568129949
37550 0.013021437002636088
37600 0.013568795100518387
37650 0.014894530679479264
37700 0.019265186198831295
37750 0.01832061773128594
37800 0.024938577237571313
37850 0.019539350133785435
37900 0.0075628227644046935
37950 0.007895104090953738
38000 0.008166807156401952
38050 0.0077564667901635805
38100 0.007834204743361122
38150 0.010217647915276329
38200 0.007763358701837916
38250 0.008208760652852008
38300 0.008366914097329701
38350 0.007993422471099793
38400 0.007878494070359775
38450 0.009556824826874331
38500 0.015245925931952804
38550 0.014491979997726279
38600 0.011081161116655318
38650 0.009467377761554367
38700 0.011212391989070125
38750 0.011174967321827852
38800 0.008511321747535418
38850 0.010407606797417783
38900 0.010890871524651895
38950 0.008999993555360075
39000 0.009125356298197457
39050 0.009498452420383397
39100 0.02053309788353722
39150 0.0187190775846584
39200 0.016635417742206962
39250 0.016078777293314882
39300 0.012988945139804569
39350 0.012514675321252382
39400 0.018054138855352096
39450 0.013288957432303608
39500 0.013125262601483842
39550 0.008102996065916615
39600 0.010213837769984118
39650 0.014191107705695809
39700 0.021738975389401123
39750 0.018096037272532426
39800 0.009855383001969533
39850 0.00810005200856131
39900 0.007787369413038719
39950 0.011113012956384088
40000 0.012033884388710376
40050 0.009950528844877326
40100 0.008344950219275454
40150 0.0077057072129499155
40200 0.007869136632095168
40250 0.008004229651028637
40300 0.007948127595019772
40350 0.007886459897089982
40400 0.008075201959704506
40450 0.009822618680006246
40500 0.007892129378337115
40550 0.007647755736830768
40600 0.009768389652542554
40650 0.012709068061428174
40700 0.008761497941400765
40750 0.007755279403902597
40800 0.008176344154365776
40850 0.007309570729712896
40900 0.011275988179985935
40950 0.015280691756861203
41000 0.010158670521307242
41050 0.010776717526518355
41100 0.008476518868052861
41150 0.007467933574100145
41200 0.007661239926753033
41250 0.0073641809571225614
41300 0.008090085143062798
41350 0.010766831972511619
41400 0.009492026447658416
41450 0.010687218141946717
41500 0.012732878244281282
41550 0.013033471857489319
41600 0.011455711086282544
41650 0.010160482538449634
41700 0.008190499056514592
41750 0.0075009319984721086
41800 0.007171673992666961
41850 0.007381052204537394
41900 0.009003996149187081
41950 0.00884822949125977
42000 0.009599778673860904
42050 0.009836835866901187
42100 0.01486811359215897
42150 0.014022187263418716
42200 0.008785238075062724
42250 0.007608895836462824
42300 0.007850832635164486
42350 0.008491611363937787
42400 0.007561400806674548
42450 0.00886952165447393
42500 0.007892538969804786
42550 0.008278710161542512
42600 0.007635022134777269
42650 0.007346288398884039
42700 0.007495284716559204
42750 0.007763837977157157
42800 0.007959405991958123
42850 0.007552093241784972
42900 0.008595915213810253
42950 0.007394195596874987
43000 0.007743023957168514
43050 0.008448437496664664
43100 0.007661681070129235
43150 0.008121515125268004
43200 0.0072079067221577295
43250 0.007328842261041237
43300 0.007981394325529167
43350 0.008189303521064256
43400 0.007509947398498472
43450 0.007480383404243581
43500 0.00761184637979819
43550 0.007829272661541395
43600 0.008442067535146753
43650 0.009021018475835575
43700 0.010064351515037448
43750 0.010976085008697485
43800 0.008606991470332866
43850 0.00897276904104446
43900 0.00950108491936037
43950 0.010619189576285031
44000 0.012876062402355132
44050 0.011398080957381568
44100 0.007710038282652863
44150 0.008519264817684792
44200 0.008180298845365346
44250 0.007531653360632995
44300 0.007575002346444442
44350 0.007764111725917748
44400 0.007557513978052904
44450 0.007738601701522999
44500 0.008785013162256144
44550 0.0077004084055649685
44600 0.008363712875662375
44650 0.007590302270077109
44700 0.008544606166107223
44750 0.009387041992444145
44800 0.009599137026889398
44850 0.012472172449082448
44900 0.007527968283680144
44950 0.007927272788133715
45000 0.007485252893251782
45050 0.007579962589512728
45100 0.007479539132555928
45150 0.007612338462482537
45200 0.007511046252704317
45250 0.007209552650815477
45300 0.007623446469288471
45350 0.007824645386303649
45400 0.007344621575084944
45450 0.007464825611712913
45500 0.009611473351048392
45550 0.009102854447348638
45600 0.007938054490083437
45650 0.00784263720357835
45700 0.007705329776921209
45750 0.007783834135311179
45800 0.007748744990163984
45850 0.007995161254580068
45900 0.007921126933330044
45950 0.008675072387105222
46000 0.00862307720877554
46050 0.008494578420610884
46100 0.008953942856342406
46150 0.008581756354693947
46200 0.009402449753873136
46250 0.010441261602323787
46300 0.010653483601168981
46350 0.011938922784511781
46400 0.013239953945921227
46450 0.012500733366040028
46500 0.010111327892175755
46550 0.009623723887641605
46600 0.009325833291200313
46650 0.010006402483924638
46700 0.010193965247908846
46750 0.010985136133747735
46800 0.011525539001225287
46850 0.011481469435416374
46900 0.011519476843299119
46950 0.00967721929871227
47000 0.007778952952666333
47050 0.0074999307497755725
47100 0.007311569042463404
47150 0.007270712385838971
47200 0.008906742425920438
47250 0.008090342901328037
47300 0.007753569052941232
47350 0.007323091815060436
47400 0.007362334169515018
47450 0.007623804600001832
47500 0.007290678815401455
47550 0.00803141163245705
47600 0.007547090955651478
47650 0.007938265003846095
47700 0.009917551361824381
47750 0.008805113641628188
47800 0.009691226386374485
47850 0.00880458182734196
47900 0.0076793788659125515
47950 0.0075352385368294035
48000 0.007778547198508037
48050 0.007938704808319265
48100 0.007773619489402211
48150 0.007603622899632243
48200 0.007212723463222579
48250 0.007332073950991077
48300 0.008013543948492357
48350 0.007987278728924132
48400 0.008983096663787157
48450 0.008032540280057107
48500 0.010155811383749134
48550 0.009886187713676274
48600 0.011597658572886381
48650 0.012002282171648872
48700 0.013128867987542203
48750 0.01157611250060281
48800 0.011584665957551964
48850 0.010880045777744169
48900 0.011224931809956387
48950 0.010067718261079241
49000 0.011475482347227091
49050 0.010529568594969198
49100 0.009674860123351739
49150 0.008815635229251903
49200 0.010049422588992527
49250 0.009136702741068746
49300 0.010963981101412666
49350 0.012010978827601392
49400 0.012725110562992454
49450 0.012453946995184383
49500 0.01005171975564636
49550 0.012165379227544374
49600 0.012691767759748574
49650 0.01032276711487825
49700 0.011527110649329757
49750 0.009867603743516591
49800 0.010210307924473656
49850 0.00972184650005773
49900 0.01125963297855913
49950 0.01027531830438884
50000 0.008170708740341816
