50 0.9943553838914791
100 0.9977551127274995
150 0.996322006632975
200 0.9959708898484554
250 0.9956912115852461
300 0.9952206973671137
350 0.994888398497937
400 0.9951882282690789
450 0.994620637556064
500 0.9946379225721662
550 0.9946191322216937
600 0.9943160697491468
650 0.993959769059184
700 0.9939285100186718
750 0.9936078367898806
800 0.993373656517913
850 0.9930817368543692
900 0.9925868165305164
950 0.9920872887754972
1000 0.9914602114894823
1050 0.9905348073418417
1100 0.9890145502933716
1150 0.9868801252649214
1200 0.9828234115101161
1250 0.9772684520336099
1300 0.9675598503861678
1350 0.9505918351150182
1400 0.918636748054137
1450 0.8553405732810151
1500 0.7327807009273443
1550 0.553458775362718
1600 0.39264115644843267
1650 0.3354001532695842
1700 0.20682279786754865
1750 0.16110573491037553
1800 0.23260142932422587
1850 0.15709855629061473
1900 0.11546513079477926
1950 0.09728452476224142
2000 0.09927792230378941
2050 0.11072245293851658
2100 0.10487047192764357
2150 0.10598254283015963
2200 0.06906101049406514
2250 0.10825057954399155
2300 0.07105670466373305
2350 0.06044777200923541
2400 0.07032746410028672
2450 0.07218784501521423
2500 0.06811486717865413
2550 0.058085303177483304
2600 0.08135982718619561
2650 0.05170114316032917
2700 0.057712434170208105
2750 0.05659432937750196
2800 0.10031377100899473
2850 0.12735041883202422
2900 0.053620447967361984
2950 0.04584327553963144
3000 0.047607261255842824
3050 0.04457215425778717
3100 0.08492736481514197
3150 0.04893562692575785
3200 0.04252550489626751
3250 0.04323983621018028
3300 0.038512858535782186
3350 0.06379675445450021
3400 0.05929359273513783
3450 0.04484801973427163
3500 0.11167602116327813
3550 0.04608729134931421
3600 0.03543027287313677
3650 0.035159132568862675
3700 0.03615057297140051
3750 0.039274071683048695
3800 0.040506971324935075
3850 0.07676616595429339
3900 0.035950026686039596
3950 0.09124477218830589
4000 0.06205187979232993
4050 0.03204793443470774
4100 0.034171735281869633
4150 0.03135266619043242
4200 0.09262692589787758
4250 0.0421795945099671
4300 0.030726862096375946
4350 0.029601326837379167
4400 0.029210536133452876
4450 0.06247723256463623
4500 0.3007939407801497
4550 0.09959910035666092
4600 0.035179600345568135
4650 0.03349642613200358
4700 0.053280535511036106
4750 0.028289433019592955
4800 0.04201284417084894
4850 0.028894553836960744
4900 0.030323271237299297
4950 0.21960564356388934
5000 0.08296540986983454
5050 0.054274825062765576
5100 0.04364222946793113
5150 0.03548325095180374
5200 0.033065109322034464
5250 0.029077878221006482
5300 0.028441088493982972
5350 0.026755400531032262
5400 0.03203313964423272
5450 0.03371824169488619
5500 0.026300903279979512
5550 0.027822762691354187
5600 0.027436257483515643
5650 0.025459092471402798
5700 0.0500864897623681
5750 0.028576563160899734
5800 0.024750388529554457
5850 0.024676295822758994
5900 0.02561756461256131
5950 0.027190552148901592
6000 0.049421142572590025
6050 0.02500243802355011
6100 0.026242299331307426
6150 0.026938851855227954
6200 0.025770248733685
6250 0.026125142597052318
6300 0.03489432907799523
6350 0.03744378430431872
6400 0.025343552337929218
6450 0.02872417614537555
6500 0.025530398242143374
6550 0.05016821042117174
6600 0.02738108429816691
6650 0.028431447829924066
6700 0.02797358779627677
6750 0.03325792579117183
6800 0.028531040701430695
6850 0.03902001471435792
6900 0.028917151336812656
6950 0.03220476944919889
7000 0.028496599725080802
7050 0.02542081534269797
7100 0.025860326645229005
7150 0.023744109956883787
7200 0.02475249354095018
7250 0.03353884517550503
7300 0.028764868278716483
7350 0.042727731184564056
7400 0.023581002806655323
7450 0.030830839833038963
7500 0.02491079413951215
7550 0.03648995204946017
7600 0.05057741013753822
7650 0.024409240513991473
7700 0.0228041399377404
7750 0.023950566777000647
7800 0.049831926561490845
7850 0.031564239283034055
7900 0.024412450514734365
7950 0.024759642725933367
8000 0.03325914005659954
8050 0.0229295599205472
8100 0.024656951656504614
8150 0.03490150086553323
8200 0.022394678824797516
8250 0.030827715195994768
8300 0.025255619309041463
8350 0.030190365528610225
8400 0.023567485992603367
8450 0.024318502369548144
8500 0.031101512967779153
8550 0.039417645123828254
8600 0.037803300334505234
8650 0.028238238552711105
8700 0.03653475942550544
8750 0.15436587551411626
8800 0.07153467279225692
8850 0.02311248765485139
8900 0.027400608953922805
8950 0.02963666267858318
9000 0.02801978669171579
9050 0.03442595005086657
9100 0.03125895357006961
9150 0.029155040325431963
9200 0.023691009672376567
9250 0.023166611611863824
9300 0.025880040959580426
9350 0.024722830947388502
9400 0.04465082742119023
9450 0.02153920870311768
9500 0.02588290991118555
9550 0.021697596168617474
9600 0.03470901716058038
9650 0.03411771683919885
9700 0.02909350997184074
9750 0.02984262390670485
9800 0.02545567021402321
9850 0.023195440380377366
9900 0.02284592886122597
9950 0.03498439426535882
10000 0.02783701357850556
10050 0.02558255450144742
10100 0.025424718251051498
10150 0.03164921589152961
10200 0.034579086664845604
10250 0.027165710428344206
10300 0.030561306659869565
10350 0.02299903039111027
10400 0.02581354305736411
10450 0.03462478722944405
10500 0.029682571676868906
10550 0.022814474798519294
10600 0.04282426348149882
10650 0.03588232176386271
10700 0.028187624612382424
10750 0.04961871316407464
10800 0.02205938659515427
10850 0.04101337587492913
10900 0.03511414869727327
10950 0.024013806299548593
11000 0.02276889600094656
11050 0.02377163170427438
11100 0.03115605891292708
11150 0.02181310688669065
11200 0.04989221488389772
11250 0.027398116710983907
11300 0.022829681950695638
11350 0.03566158244316793
11400 0.04003446940598395
11450 0.02660209441735505
11500 0.03890298789443849
11550 0.03350053403312291
11600 0.039331790578274496
11650 0.03342536678987773
11700 0.021210426139628466
11750 0.03650323828079103
11800 0.0606110228396237
11850 0.021261656976187624
11900 0.02907718942682693
11950 0.027701668540825064
12000 0.024420182241011064
12050 0.022434445507963554
12100 0.02272885919693424
12150 0.02406971259881024
12200 0.04963373916352641
12250 0.030357542997865986
12300 0.02175982006720571
12350 0.025469764464554016
12400 0.021663859043015668
12450 0.020640244673586577
12500 0.03911042566449388
12550 0.027636645898787646
12600 0.020019931046702227
12650 0.02155747713479289
12700 0.02465492579068085
12750 0.02375977015163671
12800 0.021331183852665407
12850 0.023733389078924094
12900 0.04392462579500035
12950 0.02079335873943496
13000 0.022602341634244502
13050 0.02211873905311843
13100 0.022518005050352244
13150 0.02224728727456004
13200 0.03092355831368802
13250 0.021841864509251
13300 0.02889249284655614
13350 0.029707256624934328
13400 0.020630893629312086
13450 0.02142248281412593
13500 0.024365649201942004
13550 0.02059597907224805
13600 0.03630511039297004
13650 0.027129283189437775
13700 0.04346647041806677
13750 0.02122122129138688
13800 0.022996764379314787
13850 0.020002804388783154
13900 0.02839090337084038
13950 0.04045337509053013
14000 0.04206654247214358
14050 0.03462510739255281
14100 0.0249237346566805
14150 0.030799104846596273
14200 0.02106597181304522
14250 0.025586517657222498
14300 0.030334624240131152
14350 0.02074408993735001
14400 0.019695233567258573
14450 0.02550221922670621
14500 0.03253006647694342
14550 0.03421253915677933
14600 0.050675978772958936
14650 0.019652430720044165
14700 0.024483537249308383
14750 0.03372884049630334
14800 0.032731483736597435
14850 0.03329107918339175
14900 0.030204507508956875
14950 0.020023606336469404
15000 0.022006261928495578
15050 0.019099311537511394
15100 0.01977920909614137
15150 0.02321727788783818
15200 0.020104435915878186
15250 0.019731971441418607
15300 0.01930105455502834
15350 0.025634169247766164
15400 0.03654195664337356
15450 0.02363342948716725
15500 0.022285793298858592
15550 0.02098538406719254
15600 0.023174963758880316
15650 0.01836893674496873
15700 0.026827801100319185
15750 0.021979782185993158
15800 0.02816892979315641
15850 0.04380915988087964
15900 0.029363967445627283
15950 0.025779529114279418
16000 0.02273601878460508
16050 0.02367462745494348
16100 0.03879897919542929
16150 0.02474759510022636
16200 0.04021344857270305
16250 0.030406852903562855
16300 0.027147079700743617
16350 0.024484684420868118
16400 0.028961814029144377
16450 0.01873432419576388
16500 0.043807989311223254
16550 0.020525763044081446
16600 0.017886105634024534
16650 0.040330870980119955
16700 0.027350334623455784
16750 0.02100288493954584
16800 0.02224988122542476
16850 0.02393083608688165
16900 0.023804896703650182
16950 0.029586850606539962
17000 0.018649449751298126
17050 0.023722751878427078
17100 0.029114376292536666
17150 0.026628001556936745
17200 0.03927733604924715
17250 0.022827375399447274
17300 0.01760556710194848
17350 0.020358953674366975
17400 0.051187005646366183
17450 0.03676664162459154
17500 0.039333574124429664
17550 0.023722680619682482
17600 0.01987792220498122
17650 0.019746199379332485
17700 0.030397766647280958
17750 0.02456316851614423
17800 0.021148799738191747
17850 0.026686668999690164
17900 0.025168101554779027
17950 0.039062015370516116
18000 0.0185805986182387
18050 0.02377127107055408
18100 0.019951516618143855
18150 0.03146379283081079
18200 0.026587014614817637
18250 0.02323299543957305
18300 0.0268243550790052
18350 0.026155917965998338
18400 0.019273723485153067
18450 0.03461479502925022
18500 0.01697762805564205
18550 0.05321012499334801
18600 0.0353278113133969
18650 0.019095069331189176
18700 0.03979932267230724
18750 0.02816926275492335
18800 0.01718048714746482
18850 0.02306304117016558
18900 0.021880442613118143
18950 0.018066186259902247
19000 0.017444594522785895
19050 0.020056879493951813
19100 0.017734183730534973
19150 0.01888674572246875
19200 0.02589257447112577
19250 0.016301166330797846
19300 0.019254011054546945
19350 0.01787022380899279
19400 0.02077161611910097
19450 0.03347093204193104
19500 0.017884345383252384
19550 0.018520420369824615
19600 0.022785318353075904
19650 0.019067869308789846
19700 0.031870844519363735
19750 0.021519816941370753
19800 0.01847806811618907
19850 0.016760112346087968
19900 0.029855626659248843
19950 0.024087684211226975
20000 0.016375223531185482
20050 0.023690177595372796
20100 0.024342153102066773
20150 0.029100506592701844
20200 0.01771939773451169
20250 0.016756581885403948
20300 0.015991118481323712
20350 0.018573081368205843
20400 0.022645891678451255
20450 0.016322902592942955
20500 0.02952063509583036
20550 0.016479744119032323
20600 0.015918121410892213
20650 0.019112708555775723
20700 0.022551781159096073
20750 0.0211255030209836
20800 0.016913626485488296
20850 0.033063265969371335
20900 0.020358930936416244
20950 0.02031431487768777
21000 0.016951915208301072
21050 0.0249965711894284
21100 0.01752180416141716
21150 0.01717212712594902
21200 0.01976905476355248
21250 0.01579068293322348
21300 0.015762984876996754
21350 0.015433458444130112
21400 0.015759625269092317
21450 0.023768035412760485
21500 0.01862180218325528
21550 0.048612611652018856
21600 0.054189506659942585
21650 0.024137912129956536
21700 0.023377925550504643
21750 0.016247884959669643
21800 0.0339306438011303
21850 0.022592434435298053
21900 0.021198029500458994
21950 0.021860384942576982
22000 0.016816150005083044
22050 0.056900787158722044
22100 0.015932211004467258
22150 0.029008578832323745
22200 0.01640378522133537
22250 0.015406310439199322
22300 0.02429620556777318
22350 0.015866048407139562
22400 0.019037689989585233
22450 0.019247226367533624
22500 0.01812909004793877
22550 0.018602157480943758
22600 0.027501200097226418
22650 0.01797976267339729
22700 0.026952526306754248
22750 0.016743306125341865
22800 0.01671341775907743
22850 0.018049850885574224
22900 0.01812629619962166
22950 0.02530028710953564
23000 0.03190990178076071
23050 0.02352329586278688
23100 0.018514883633564884
23150 0.01987776743293016
23200 0.029566332015290013
23250 0.03257175543071201
23300 0.017149693703628004
23350 0.014737484237259652
23400 0.014593571711462795
23450 0.017044695786531217
23500 0.01488026569257303
23550 0.015120146785681972
23600 0.016968784557732677
23650 0.019052683488183706
23700 0.01715481992204994
23750 0.015256316742512705
23800 0.023618697421921447
23850 0.017828143573495978
23900 0.019562069809366416
23950 0.025352243905314847
24000 0.014942370229493449
24050 0.016244935855577555
24100 0.03380855818617512
24150 0.014074412848628369
24200 0.020616998584631323
24250 0.02860616909389294
24300 0.015131338247473954
24350 0.0171062263537307
24400 0.015181926866636355
24450 0.017252931343021912
24500 0.030428380857404413
24550 0.017415514665278315
24600 0.015393735052240357
24650 0.027752851647445485
24700 0.03163829201594646
24750 0.02454252981766819
24800 0.021069406740850918
24850 0.01611434425939272
24900 0.01914130712307961
24950 0.014712696388004742
25000 0.016652719158084913
25050 0.016293469592618886
25100 0.02715057361350058
25150 0.020534486850469127
25200 0.029558960483566692
25250 0.015845932778394325
25300 0.015989810033986095
25350 0.013489965336742266
25400 0.013511435971272683
25450 0.014478724008100637
25500 0.016714228711456485
25550 0.017260298098800437
25600 0.014060265405365842
25650 0.013893683759940371
25700 0.014879611990634655
25750 0.017069295062075992
25800 0.025974615592372435
25850 0.02266355943256264
25900 0.015032183837731632
25950 0.01748148634426081
26000 0.026773295835704734
26050 0.01803015404631652
26100 0.022564449358165057
26150 0.01663960412806752
26200 0.020392025475015393
26250 0.023346274057831188
26300 0.015466331819297394
26350 0.014051759682415387
26400 0.03279455575401052
26450 0.017761228909228682
26500 0.019810349071389094
26550 0.015088782623520307
26600 0.014393322481558677
26650 0.013265918581650675
26700 0.018247305429697224
26750 0.014329446071016267
26800 0.02212353824506389
26850 0.024117172428712152
26900 0.016330416725272124
26950 0.03174691826777211
27000 0.015552398656199895
27050 0.020661181043630263
27100 0.019025483565010343
27150 0.019471629844270737
27200 0.017079270885919935
27250 0.014636797516775048
27300 0.013580014691949367
27350 0.013612534071430083
27400 0.013758255615034543
27450 0.015177122032530393
27500 0.021623674540114938
27550 0.01870169008444538
27600 0.020719420579141383
27650 0.014980481593642654
27700 0.015056924831004131
27750 0.014701537459559991
27800 0.01865690791051307
27850 0.013463711339047309
27900 0.01541390619092078
27950 0.04010897092472377
28000 0.024494265196727143
28050 0.016708119372541595
28100 0.021235849234098193
28150 0.013819259048927742
28200 0.013615097157960351
28250 0.02424259028102759
28300 0.01390395366761816
28350 0.016523715307578925
28400 0.017488029422862657
28450 0.016802835546970245
28500 0.01571057662645252
28550 0.018365607766915013
28600 0.013760860767526379
28650 0.01496409794021076
28700 0.018315139228799696
28750 0.014763834788624884
28800 0.014440475198937408
28850 0.029138947410526556
28900 0.022833697312519042
28950 0.015975086978154942
29000 0.019279404341463233
29050 0.016878705771350897
29100 0.01453428265364132
29150 0.014559929475525837
29200 0.03304389298112475
29250 0.014211860107633256
29300 0.020993951149695118
29350 0.013527846876195753
29400 0.01812588215757302
29450 0.016699951719901643
29500 0.013828846980505873
29550 0.014172773108136218
29600 0.015740656928727993
29650 0.016445079139854955
29700 0.014536063154822162
29750 0.031217223272680557
29800 0.014195411252891274
29850 0.014968518394618976
29900 0.01492957876073596
29950 0.013985566067655669
30000 0.015252500391391541
30050 0.014873954707062672
30100 0.017726139113526565
30150 0.013239299668407438
30200 0.014649931995924891
30250 0.015183959226708156
30300 0.016427530694050042
30350 0.018723636012983744
30400 0.024738318165481638
30450 0.022975613660323902
30500 0.017418945510142336
30550 0.028171651915470178
30600 0.03280419937209596
30650 0.017737811416044927
30700 0.018665345549165428
30750 0.0196729372951884
30800 0.020887175642596446
30850 0.016358320008522633
30900 0.013209905422176538
30950 0.014766624237181041
31000 0.01404979254492826
31050 0.015756257775607258
31100 0.014303716403256105
31150 0.015625226687176034
31200 0.016868995907788308
31250 0.019324867676999063
31300 0.022236648697961874
31350 0.018047796241299038
31400 0.015303606051014206
31450 0.015322934544314411
31500 0.014100817430708588
31550 0.02388985197537938
31600 0.025332960596905783
31650 0.02329484104628056
31700 0.019582579498490207
31750 0.015468668844607299
31800 0.013956056329149289
31850 0.016599784308210904
31900 0.013436174513749009
31950 0.012691174804965916
32000 0.013864797843957492
32050 0.013382708196413894
32100 0.018061277728023177
32150 0.015120436908821581
32200 0.037800086424875284
32250 0.03468969947072711
32300 0.015747235443257387
32350 0.015087368640320899
32400 0.01855186019035372
32450 0.013323306623586313
32500 0.016371256295781043
32550 0.017762855552901198
32600 0.02261849248566913
32650 0.013508409372089152
32700 0.015568154210907497
32750 0.014021889180734007
32800 0.018180244568960672
32850 0.013365568158094627
32900 0.013220674340493642
32950 0.013956257192493273
33000 0.013061265927219994
33050 0.012685339488451684
33100 0.01385131192940189
33150 0.017665299463330748
33200 0.019432660249243616
33250 0.015739354120693622
33300 0.014892385006266155
33350 0.024860273917997017
33400 0.035508576128104756
33450 0.03297849855312362
33500 0.013334615898175027
33550 0.015551793238777683
33600 0.01812561068231575
33650 0.013830113745281845
33700 0.029546105703025797
33750 0.014556654457465476
33800 0.014045398297592373
33850 0.013457616878838072
33900 0.02094615547969416
33950 0.016327634820323268
34000 0.017601099088296466
34050 0.01595964093928784
34100 0.02016668364761676
34150 0.013740389087949546
34200 0.014135700170825497
34250 0.014172775449960928
34300 0.012664289712159299
34350 0.013357324195747249
34400 0.01661890179662137
34450 0.021317899643587688
34500 0.02016728345229842
34550 0.02408265953465608
34600 0.02307756472864068
34650 0.028301240775686066
34700 0.013744684410223914
34750 0.022277190540927437
34800 0.03302678572866869
34850 0.03749478136328384
34900 0.02332060442085133
34950 0.015189997081859186
35000 0.014114326152451869
35050 0.013782939851864302
35100 0.013224128025301205
35150 0.013081754668002881
35200 0.0129511020030501
35250 0.01430071103104527
35300 0.016425124664375602
35350 0.01780135758011935
35400 0.013666350656416524
35450 0.013436541234878406
35500 0.01371358479668688
35550 0.014020247841876703
35600 0.013500106650173472
35650 0.019222532949078008
35700 0.012112361344861029
35750 0.013386693963866337
35800 0.013470087328238284
35850 0.01371652876410939
35900 0.013623474634280791
35950 0.012285018095169343
36000 0.014120070930663553
36050 0.017030435277489233
36100 0.015760265882297446
36150 0.012674885784933624
36200 0.01355513728168899
36250 0.01558522937265554
36300 0.013516606137197058
36350 0.012840228330360604
36400 0.014259272134010058
36450 0.01822539064717819
36500 0.018263957418725336
36550 0.015608232107369339
36600 0.01400453530609648
36650 0.013857724034775101
36700 0.017767799317096798
36750 0.016241744965060798
36800 0.01517080161328942
36850 0.01336746752903486
36900 0.016169923897117484
36950 0.019011013208501057
37000 0.01987879595659995
37050 0.015406877961565276
37100 0.018386905296417733
37150 0.016990422546279502
37200 0.019380747880147344
37250 0.017744902103333963
37300 0.018554292283302493
37350 0.016526135401335976
37400 0.015232653408469495
37450 0.013461712503186039
37500 0.013432617706680956
37550 0.014981171058250134
37600 0.013226829404961993
37650 0.017514606351833172
37700 0.01683994316734533
37750 0.016576491613562217
37800 0.013317266450280835
37850 0.014994370540404965
37900 0.014670842368224446
37950 0.01243910326252566
38000 0.018170712895380935
38050 0.013690797401038544
38100 0.015599225524807168
38150 0.012611550543861212
38200 0.013218464522350657
38250 0.014159838953068585
38300 0.013598239825382835
38350 0.02086360454356564
38400 0.0170853510288857
38450 0.018789332270062242
38500 0.013845653412832082
38550 0.012963647606731415
38600 0.017046335492170526
38650 0.014804065844394164
38700 0.022164821311154718
38750 0.015092401311967485
38800 0.012283099247941657
38850 0.01403512486448765
38900 0.014073317188684807
38950 0.017831802284881956
39000 0.017698056665342257
39050 0.016083684591113517
39100 0.013311829522135452
39150 0.012983580631680074
39200 0.0207155928108027
39250 0.020059412285078827
39300 0.012431046445834357
39350 0.01265163557137805
39400 0.011858763010238334
39450 0.01497143754918227
39500 0.012521254973982932
39550 0.012824804785906932
39600 0.012031662827915447
39650 0.013486523632947145
39700 0.01378970632951523
39750 0.012451289875118144
39800 0.016679238232160627
39850 0.012425394216762737
39900 0.012498027049620278
39950 0.01243313705999248
40000 0.015027396124225694
40050 0.014976819766430737
40100 0.013549893681878004
40150 0.013977941420290334
40200 0.013900692528379976
40250 0.01360430493315297
40300 0.012869893435781005
40350 0.014338898682133751
40400 0.016155886153374828
40450 0.01513845657398774
40500 0.01531439394049748
40550 0.014451051782762242
40600 0.01585291357983842
40650 0.013509895214161837
40700 0.018742827359946267
40750 0.014142427772656415
40800 0.013315476581095376
40850 0.013786452753276142
40900 0.012862359224673965
40950 0.01456698844058026
41000 0.012806109381164109
41050 0.014536889362826115
41100 0.013379968677427046
41150 0.01265700407697029
41200 0.01302045677126481
41250 0.013466820770937058
41300 0.014882613403617887
41350 0.016411599812894116
41400 0.012821662505790503
41450 0.016391675538358953
41500 0.015997045784483757
41550 0.014469127690463488
41600 0.012868635663327849
41650 0.014247319104238139
41700 0.013418094235771047
41750 0.01603785779994478
41800 0.01578160498053708
41850 0.016662208649904663
41900 0.012724968844407963
41950 0.012420291072428185
42000 0.01298995397603866
42050 0.012579991083686565
42100 0.012780563456183048
42150 0.011903658962233879
42200 0.012114652780155062
42250 0.012709171344566022
42300 0.013578204220769963
42350 0.013271497041251162
42400 0.012099496840817221
42450 0.011607319386715892
42500 0.012005848177957357
42550 0.013622680211543298
42600 0.012427846192261198
42650 0.011595915470997059
42700 0.01305542793062005
42750 0.01594150568201948
42800 0.013907013403161006
42850 0.013726483283347945
42900 0.01572469954516977
42950 0.013530183930205945
43000 0.019174602236787755
43050 0.01449779908653646
43100 0.011881818885407926
43150 0.01236130149352343
43200 0.012234886856988317
43250 0.012739019023489324
43300 0.012384188698931422
43350 0.011751642236052948
43400 0.015504895644770283
43450 0.013310252439582773
43500 0.015236909031060763
43550 0.01510567953225747
43600 0.01383391720171013
43650 0.01507107235550611
43700 0.013530778431963346
43750 0.012675912091310072
43800 0.012633291743056808
43850 0.013370268662279508
43900 0.012516257193458344
43950 0.012163284596509028
44000 0.013835344963122453
44050 0.0168118787491234
44100 0.017013387297949028
44150 0.015427852227368281
44200 0.014448668739606024
44250 0.013196162655781496
44300 0.012369773604849595
44350 0.013594313850027807
44400 0.015733741305496065
44450 0.014164890995027333
44500 0.012544600234134238
44550 0.014105698210798028
44600 0.015860527831440107
44650 0.012544311701751028
44700 0.014002238028353138
44750 0.013017498969342834
44800 0.015767829817252662
44850 0.015083111716923517
44900 0.01671252672707614
44950 0.013843347837352
45000 0.012260230831285045
45050 0.012090149854885334
45100 0.012295056267820794
45150 0.01211644291442206
45200 0.012718465574777725
45250 0.012715477003219264
45300 0.013127993413209095
45350 0.012135927073393745
45400 0.01209570327328482
45450 0.012343603698897428
45500 0.011803476126199926
45550 0.011826941500199193
45600 0.012039070797937436
45650 0.012158503169000783
45700 0.013263333636703711
45750 0.013558267631180536
45800 0.015124035160496355
45850 0.014796058548186754
45900 0.012485923875932442
45950 0.01231088755791245
46000 0.013432249687705462
46050 0.014368400122252507
46100 0.014382840265534248
46150 0.012754372049227327
46200 0.013260824219388833
46250 0.011836135190764298
46300 0.012262715951947084
46350 0.01353803556686138
46400 0.013070045786677252
46450 0.011025264493919183
46500 0.012091533727125642
46550 0.011955469519896096
46600 0.012536120336747149
46650 0.015455435520822455
46700 0.014977973960751964
46750 0.012820205195547977
46800 0.015507931614110633
46850 0.013064288152196103
46900 0.014599232965449276
46950 0.016283326780204634
47000 0.01491478835914378
47050 0.013771464800157165
47100 0.013500880103739694
47150 0.012207773442462148
47200 0.011654117695891725
47250 0.011891711053448679
47300 0.011499997286927997
47350 0.012191936260736466
47400 0.011549397205303942
47450 0.01169949954449435
47500 0.011242624912378868
47550 0.012493893476367375
47600 0.011983480477716102
47650 0.011631627239964823
47700 0.011725228408707735
47750 0.011741225747058881
47800 0.012041099315937605
47850 0.011660733375609874
47900 0.012467282619821695
47950 0.011670862011651966
48000 0.011361572911839457
48050 0.011683957605128697
48100 0.011717338770570141
48150 0.011694853020570604
48200 0.011789205455954683
48250 0.012680262682914924
48300 0.012496758426804396
48350 0.0116735445848219
48400 0.013058629774898892
48450 0.012379891016953673
48500 0.014222579162820558
48550 0.013344551129781468
48600 0.012324825921923379
48650 0.012027490596841394
48700 0.013307643030437945
48750 0.013272582162793915
48800 0.012580360067144672
48850 0.012397970180266083
48900 0.011865833007896245
48950 0.012780121889937915
49000 0.012649842221063965
49050 0.012192635024108696
49100 0.011631133494915973
49150 0.011683009854213621
49200 0.01172944339024335
49250 0.011414174627938036
49300 0.012895894716031586
49350 0.011685334684347145
49400 0.012181910129528954
49450 0.011688478103393019
49500 0.01125933999676356
49550 0.011395816220359458
49600 0.011641196717494437
49650 0.011509314506697793
49700 0.011616766620602318
49750 0.01231047778182762
49800 0.011794245373341306
49850 0.01134647489011024
49900 0.011672495726967462
49950 0.011417346763300413
50000 0.011835844478299305
