50 0.9806866497578131
100 0.9962680177389389
150 0.9978902392220843
200 0.9973833432540234
250 0.9974276588642949
300 0.9973580414079339
350 0.997219797411961
400 0.9971762427484548
450 0.9969450211297595
500 0.9965713401335833
550 0.9964680213543687
600 0.9964664879980599
650 0.9960626316311194
700 0.9959102122170093
750 0.9957693911947112
800 0.9952091121789364
850 0.9949023100330746
900 0.9942696885644295
950 0.993551034601776
1000 0.9926096603472685
1050 0.9911118123868814
1100 0.9891396475907662
1150 0.9861399155792046
1200 0.9815007327773947
1250 0.9742356435164845
1300 0.9615828632877312
1350 0.9420917950723621
1400 0.9178898384089277
1450 0.8951148471882021
1500 0.8581264192646524
1550 0.7750571333139773
1600 0.6114576461083198
1650 0.4958596039664209
1700 0.3552251748584322
1750 0.21024534775821585
1800 0.19635115517037674
1850 0.14615710612438026
1900 0.1799733767737638
1950 0.11853694607379907
2000 0.09267620825646386
2050 0.07777993508567924
2100 0.11274274268397592
2150 0.10476185261667252
2200 0.12193008100208319
2250 0.12021495178776344
2300 0.09184044191576433
2350 0.070196166555311
2400 0.07966341874165139
2450 0.07283199697898182
2500 0.05275509809306544
2550 0.10931439645468337
2600 0.07393103981610166
2650 0.06334253209152725
2700 0.06289402036712705
2750 0.06296353419989778
2800 0.12079747828009262
2850 0.0776291889242743
2900 0.06278348264852815
2950 0.06892769266473435
3000 0.05947856468437382
3050 0.05561342893522036
3100 0.06522171295966592
3150 0.06994362836098346
3200 0.06010752855560184
3250 0.06265521039795675
3300 0.2952359212120852
3350 0.15412216461053393
3400 0.07852971648920914
3450 0.05125321802313649
3500 0.0479842577994463
3550 0.050436087178445714
3600 0.045342452163647046
3650 0.049563378244640216
3700 0.05167302533924252
3750 0.05580878236738625
3800 0.04593318486659761
3850 0.04695297276091404
3900 0.04098949516258314
3950 0.1501655364106945
4000 0.06397815044573185
4050 0.04894923894702226
4100 0.04389668927898559
4150 0.042536887478418856
4200 0.04508876074403686
4250 0.046848777538926474
4300 0.04588929133738885
4350 0.04085135315421262
4400 0.04170353823082785
4450 0.15955316378383558
4500 0.0783987760558972
4550 0.039051949927065274
4600 0.04330180179312097
4650 0.04265456459944514
4700 0.04078285726837147
4750 0.05401574518603179
4800 0.07784606936095151
4850 0.039894758882323626
4900 0.042038538854245674
4950 0.04257947945630202
5000 0.04768478853939991
5050 0.037230692191874526
5100 0.039451922184309665
5150 0.038559557184292735
5200 0.042064092210681005
5250 0.03851254134664755
5300 0.03878860089915749
5350 0.039598359804274536
5400 0.03823468016909948
5450 0.035015246911363915
5500 0.03467785333127479
5550 0.03508427592794687
5600 0.04204667454340729
5650 0.04667644292203592
5700 0.0393301785307941
5750 0.04243867029677356
5800 0.033134885023225286
5850 0.0394907081199646
5900 0.03954570640684758
5950 0.046633274428078644
6000 0.06150130650916049
6050 0.03181990259126066
6100 0.033165983142741495
6150 0.03978649869376937
6200 0.051220657004715765
6250 0.033302064872253484
6300 0.03149686586212155
6350 0.063339506010014
6400 0.03141612715852357
6450 0.03397548914732085
6500 0.03550490861308923
6550 0.03179454350280177
6600 0.034173892919591664
6650 0.03308592042420077
6700 0.02990112299452975
6750 0.04435345745456767
6800 0.03188632935276434
6850 0.029823678315142474
6900 0.029235750035854602
6950 0.030560491030706183
7000 0.05356745933331246
7050 0.06659440239230748
7100 0.037714009731787776
7150 0.04430408934441274
7200 0.031259232973995514
7250 0.050525107033800414
7300 0.03412166867828753
7350 0.03129164028170238
7400 0.03240381810557924
7450 0.035593674003474074
7500 0.03891091736240044
7550 0.0292585932650166
7600 0.031911126198690076
7650 0.031742506879814565
7700 0.028763026479815195
7750 0.060113785861761915
7800 0.03905147568322845
7850 0.032343621056995696
7900 0.03268555681805538
7950 0.030421025145111132
8000 0.03049761267531704
8050 0.028656663972487572
8100 0.10936374078858625
8150 0.04907872645341
8200 0.0335815926525598
8250 0.03625495439544016
8300 0.055294064363627334
8350 0.0269480048682286
8400 0.041279102089795384
8450 0.03235433896377369
8500 0.05493683468780833
8550 0.02934368772362385
8600 0.034568027448063775
8650 0.035196626033339305
8700 0.02842511814232929
8750 0.039220266648283694
8800 0.05773703767539888
8850 0.04132271472904012
8900 0.036105289792387855
8950 0.039126555784947725
9000 0.027073642915820144
9050 0.02802849900326028
9100 0.08330845442836718
9150 0.03227693774248435
9200 0.030026572589798305
9250 0.027648481954084866
9300 0.03297231922462532
9350 0.046395006087600256
9400 0.027467984771508847
9450 0.04410058136857792
9500 0.03186611905239931
9550 0.03016175611841549
9600 0.03640117727723097
9650 0.02550842410683306
9700 0.027265333064914653
9750 0.026999633411592127
9800 0.03224675853774716
9850 0.0385589436464516
9900 0.047222315998310796
9950 0.027135982420450934
10000 0.03794488709887538
10050 0.030210346444580618
10100 0.027996436347632433
10150 0.033559798055079956
10200 0.026948429048826786
10250 0.027672475558042572
10300 0.02649277241396609
10350 0.025881687225552823
10400 0.030510317260312225
10450 0.028256367072350963
10500 0.027742801909591008
10550 0.026503464395460575
10600 0.02883221581764082
10650 0.02718874407231079
10700 0.02831274267766222
10750 0.0285561834912267
10800 0.027752528324586544
10850 0.04267544957849897
10900 0.032551045904346314
10950 0.02589465945746002
11000 0.04649183558588311
11050 0.02593213761494271
11100 0.03452479318027714
11150 0.0264111156941147
11200 0.03513500281837077
11250 0.029988863374026568
11300 0.02694511592746354
11350 0.02683625053659299
11400 0.03216014762746292
11450 0.025334924806108584
11500 0.02675916726960794
11550 0.04711361370157253
11600 0.025344859998323997
11650 0.03131712156680846
11700 0.024492946762141234
11750 0.027714185315511133
11800 0.02714547110158273
11850 0.04425696609975028
11900 0.023153094496951267
11950 0.03352811235326962
12000 0.02402339591425488
12050 0.027121204731491814
12100 0.038565976108060146
12150 0.028758381518160892
12200 0.02259398779452538
12250 0.025351655992429015
12300 0.02671699042435174
12350 0.02959867430316161
12400 0.030588629880456183
12450 0.02887353169742747
12500 0.0337587860140006
12550 0.02641482767616677
12600 0.04208316692295129
12650 0.027157622919920747
12700 0.05016060832662825
12750 0.024598327997167716
12800 0.042699097542733544
12850 0.02673758544715553
12900 0.025802770753138575
12950 0.027931773586171355
13000 0.02404589869674356
13050 0.024580505898745737
13100 0.05165496616155329
13150 0.023147766065641777
13200 0.02608202996887873
13250 0.029398580526598106
13300 0.029967501331400925
13350 0.0269022163874476
13400 0.031987936226566295
13450 0.023938950636276657
13500 0.021899460554811664
13550 0.02266983618843877
13600 0.02209063031553154
13650 0.02398753602408753
13700 0.022952132773776807
13750 0.03352629623688807
13800 0.026829423515131526
13850 0.03905071626034114
13900 0.03664776920878913
13950 0.020739869414996184
14000 0.025928672145311804
14050 0.04467789443505372
14100 0.02237880056946305
14150 0.03391477693172689
14200 0.02234506237115531
14250 0.026746438267249272
14300 0.029600554801323408
14350 0.024676708379009107
14400 0.021528201145834293
14450 0.021213367921619267
14500 0.034662253020511555
14550 0.027693028860396127
14600 0.03579242786939521
14650 0.02072705776622601
14700 0.031830451742118515
14750 0.030142421961335826
14800 0.020005493027823937
14850 0.02062702209637842
14900 0.02329486511516852
14950 0.0205400249403473
15000 0.019863486015623717
15050 0.0225472087727718
15100 0.022403320320895856
15150 0.021754471917020134
15200 0.01957846549398784
15250 0.021521414794358807
15300 0.0244229459048644
15350 0.028149295298361028
15400 0.0296408147030838
15450 0.02178454650171172
15500 0.025134399860288436
15550 0.034788735335788815
15600 0.02798130476663711
15650 0.019670783949285855
15700 0.020003304799691812
15750 0.020579504268379782
15800 0.022279859780047016
15850 0.019607751679199096
15900 0.01739395233440152
15950 0.01937876433349186
16000 0.01842720774594139
16050 0.027104168188468575
16100 0.018214719008986083
16150 0.020514796183828232
16200 0.027823964546849413
16250 0.02324284227661306
16300 0.030460376293666838
16350 0.03751426440221036
16400 0.024802616946704135
16450 0.024239699094669758
16500 0.02244405756443458
16550 0.024864669037300204
16600 0.020194904191373327
16650 0.01844368857283315
16700 0.01923792485132006
16750 0.03923469828874181
16800 0.040182049131087014
16850 0.020899431065080288
16900 0.021050802291495162
16950 0.018033458199936757
17000 0.027245865006420834
17050 0.02204768880044152
17100 0.017098535736114147
17150 0.01872178046086342
17200 0.023356052367136945
17250 0.02658574285625593
17300 0.018786972412914018
17350 0.02928719066094829
17400 0.020418903220551655
17450 0.03021623949016073
17500 0.01782113806289208
17550 0.01909517858564748
17600 0.017310910960800473
17650 0.015854872317391154
17700 0.03100347442158452
17750 0.019448006603004823
17800 0.016150719320063203
17850 0.023101715987471207
17900 0.01724640885305628
17950 0.0220624857721732
18000 0.017158249675463137
18050 0.020233631994418095
18100 0.020475105912194525
18150 0.01640518222031347
18200 0.01624508856722043
18250 0.016281615243076867
18300 0.01778391874736293
18350 0.015671804514098386
18400 0.019281454313715293
18450 0.030860083660583487
18500 0.03760907209542301
18550 0.018144141185838524
18600 0.04046417726445217
18650 0.016285799537008278
18700 0.024651286333138865
18750 0.01979922179720982
18800 0.017672303833385843
18850 0.019808197812125367
18900 0.027537051401475155
18950 0.020777604476651022
19000 0.026762810864981237
19050 0.0175071786356458
19100 0.0160095715295203
19150 0.016433973937799842
19200 0.035692946242210685
19250 0.029383541556537416
19300 0.018015226493768573
19350 0.02093594241667047
19400 0.04019591185609688
19450 0.027920116168711026
19500 0.017203271992787754
19550 0.021823689055503435
19600 0.024792776262574586
19650 0.01803981142160631
19700 0.03408985533946824
19750 0.01718122283242736
19800 0.018803725694449606
19850 0.013534172347394973
19900 0.03046339854256423
19950 0.041402305585442785
20000 0.030622821970605615
20050 0.020293290675176736
20100 0.020598159021160432
20150 0.01430126070319829
20200 0.015274793007807265
20250 0.0164444484339992
20300 0.014226096922302608
20350 0.022833840894098414
20400 0.022911084880699716
20450 0.016325414707951905
20500 0.021268115060255874
20550 0.02710277990922877
20600 0.022588828808516582
20650 0.014091847689443318
20700 0.014000947785795588
20750 0.017875792617744836
20800 0.022384454144324887
20850 0.014782043627860316
20900 0.01828725406807664
20950 0.015484488435035285
21000 0.022876274339886406
21050 0.01514686959785617
21100 0.0137324503962504
21150 0.021665497911065052
21200 0.019044213612410228
21250 0.014150837496635866
21300 0.019674094758904238
21350 0.015589611098895706
21400 0.01689887061440706
21450 0.022814340071966237
21500 0.014792835220695673
21550 0.013835753137787322
21600 0.016377735895865362
21650 0.014477221748075041
21700 0.018501154371256916
21750 0.019977837891501794
21800 0.026958027744887016
21850 0.03395700706882811
21900 0.02052785104520347
21950 0.01657052423792373
22000 0.015574973638603272
22050 0.017170824203198126
22100 0.01349562853728327
22150 0.013449177787503232
22200 0.01383803030090265
22250 0.03139790682754766
22300 0.022162168756533988
22350 0.013932915727332037
22400 0.014777610339351011
22450 0.012084716061901162
22500 0.013345684957418386
22550 0.012530155233644584
22600 0.013765975362755997
22650 0.012205651613634877
22700 0.020134528025551372
22750 0.015677234154738467
22800 0.015257825317970975
22850 0.015392356598651616
22900 0.014193720192155927
22950 0.014770996506870332
23000 0.017783799176197348
23050 0.01725073261231183
23100 0.016158493978097512
23150 0.022647322435785225
23200 0.026680652996621115
23250 0.012922614213495906
23300 0.012759813329856675
23350 0.01442479309879156
23400 0.01842536625553685
23450 0.013100298507136223
23500 0.01248059749341466
23550 0.012287568789711654
23600 0.014337333199869408
23650 0.01580260465757764
23700 0.013101524232074774
23750 0.020512598256427875
23800 0.03175542243184774
23850 0.014958146112650039
23900 0.012391025660455107
23950 0.019891601057885535
24000 0.015176771917965477
24050 0.02763327288764092
24100 0.029504849354521474
24150 0.01523443505633584
24200 0.018337583193912124
24250 0.027766614332629235
24300 0.018156964101559418
24350 0.01246460973320522
24400 0.022451744473202497
24450 0.026611588430976323
24500 0.01857734069713648
24550 0.012264021534518601
24600 0.01839491084535657
24650 0.013841627408876171
24700 0.027677297692188428
24750 0.012516462854567709
24800 0.02443320534751435
24850 0.025949208378831534
24900 0.02158192204668745
24950 0.018456635366730506
25000 0.02253987567243303
25050 0.029793865732637623
25100 0.023245976067342456
25150 0.02043093777193801
25200 0.013339399337083177
25250 0.020613183702313218
25300 0.012549457174495123
25350 0.016139046680010868
25400 0.013924582634970303
25450 0.023733306587053363
25500 0.011674053987873053
25550 0.01247245990254256
25600 0.011687516710844949
25650 0.012168350439049474
25700 0.011692893626845904
25750 0.023861290998672055
25800 0.017088427927832748
25850 0.012177125108255943
25900 0.014008946797224378
25950 0.027160903734797293
26000 0.026551502192516476
26050 0.015557702359200032
26100 0.013135343909141926
26150 0.010866424415140232
26200 0.012680144839150963
26250 0.016464572230462847
26300 0.011505649825561076
26350 0.021288641853621955
26400 0.015221637697003292
26450 0.014275683160186441
26500 0.013481946382177435
26550 0.01405318906409455
26600 0.01279920425932955
26650 0.017281504536067478
26700 0.015255161812646663
26750 0.016807545833006195
26800 0.020610935313805114
26850 0.017025690795529617
26900 0.010304278875630892
26950 0.014809984491156994
27000 0.01083870526837244
27050 0.018476113602136385
27100 0.012014773273339508
27150 0.014028359776362121
27200 0.012544861988036017
27250 0.011467368425665382
27300 0.011122046386501615
27350 0.0242220301631608
27400 0.00977793289896531
27450 0.01922388648574618
27500 0.015078116685943423
27550 0.020475173118064637
27600 0.029508068108648547
27650 0.017495887683580975
27700 0.010752058859152036
27750 0.023046107928739998
27800 0.030050459570108042
27850 0.022757469326874526
27900 0.00981374465910071
27950 0.013477876571406514
28000 0.010547177511791949
28050 0.01504385486345394
28100 0.014920653615732039
28150 0.009831625539600848
28200 0.012412900889777586
28250 0.011182761832489648
28300 0.01342107807832412
28350 0.014496896373294491
28400 0.018385924676644703
28450 0.01940199478108539
28500 0.022829409608996768
28550 0.02274763353287581
28600 0.016559512811560134
28650 0.015264521900920047
28700 0.01182804273843622
28750 0.01906844738038943
28800 0.02433886731549686
28850 0.01163395595962247
28900 0.010398948672766287
28950 0.010366048208855533
29000 0.01627108351799529
29050 0.020874043021000384
29100 0.015581123320441955
29150 0.021710634344963488
29200 0.01470666082101565
29250 0.011268009327827844
29300 0.013187344435931113
29350 0.013232723960910952
29400 0.01165264632672687
29450 0.01034234114424474
29500 0.009873557094481213
29550 0.025401596952716356
29600 0.023736345190731523
29650 0.0163216465165215
29700 0.022376482159616767
29750 0.012868808347558379
29800 0.010242456227672603
29850 0.011766024070267025
29900 0.012642152045930112
29950 0.01606157661748084
30000 0.009340540092208348
30050 0.010418871998610656
30100 0.01505003513426491
30150 0.013067241029163222
30200 0.01627181723540418
30250 0.014403402333338212
30300 0.012044231531630529
30350 0.009390814882846498
30400 0.00919000848246421
30450 0.010487784467866584
30500 0.01147273219446636
30550 0.009747056167730965
30600 0.00903380443655964
30650 0.00939616369563205
30700 0.011155504017531244
30750 0.011708224891145303
30800 0.00989930866620445
30850 0.011452984543392887
30900 0.010636784643477948
30950 0.010073170533904299
31000 0.010743194584022557
31050 0.009904692991659147
31100 0.012659468971297359
31150 0.010879394322837231
31200 0.010283150567492674
31250 0.016978778291520447
31300 0.020850531807570162
31350 0.014696711011660014
31400 0.00942641586898729
31450 0.014679485654616603
31500 0.013274878083288694
31550 0.01769740276190092
31600 0.015714004813881837
31650 0.019175471431421853
31700 0.02000699049756318
31750 0.019662918067849987
31800 0.01948873086447223
31850 0.020431527592777506
31900 0.015777962465711937
31950 0.009995341780849671
32000 0.011453983475869818
32050 0.010172095129646756
32100 0.012313379303177897
32150 0.010682937188012085
32200 0.009025236467206824
32250 0.015614286363655066
32300 0.009635103561629688
32350 0.014056458465635595
32400 0.012093145100083528
32450 0.010286662348796816
32500 0.009819026378913881
32550 0.012236829484985163
32600 0.015795236816084673
32650 0.009513158080508944
32700 0.009261854062611584
32750 0.01129538142216129
32800 0.01617031168836859
32850 0.017637572702996047
32900 0.011644490953983525
32950 0.00931475974182804
33000 0.011275643141987785
33050 0.011574881695662552
33100 0.018529738662910456
33150 0.021844816815880002
33200 0.009498723433495435
33250 0.011845164512579767
33300 0.010937798799719168
33350 0.010036676802378533
33400 0.014945146538864638
33450 0.0118253582229352
33500 0.011025810384878761
33550 0.01204224681871229
33600 0.0151406128768485
33650 0.010305087965873526
33700 0.010844659306577234
33750 0.010840857380856316
33800 0.009398562854227835
33850 0.015080696000248825
33900 0.014098630322618525
33950 0.012034092613118033
34000 0.00851479906536906
34050 0.013533292715576295
34100 0.009261879623011029
34150 0.01067143782899577
34200 0.01288651140431031
34250 0.015756234628581396
34300 0.023304527407971398
34350 0.026786552302468018
34400 0.026838014629837682
34450 0.009575132676583931
34500 0.013751469805502745
34550 0.009341346214629976
34600 0.01461471877575634
34650 0.010457207722617044
34700 0.008690760378839058
34750 0.009602520300228866
34800 0.02441962367050117
34850 0.01520498047692319
34900 0.020509341821700583
34950 0.010689228501502657
35000 0.011024276257342602
35050 0.012442424773861541
35100 0.011134236212498077
35150 0.011559833745994397
35200 0.009062854863579262
35250 0.01229238496425439
35300 0.011635693306760534
35350 0.010878634850510407
35400 0.00926830324053189
35450 0.012206578334816195
35500 0.01569496848907545
35550 0.012123561501327243
35600 0.008413689492508095
35650 0.009167820905515003
35700 0.010331712061890704
35750 0.008832245955558666
35800 0.009360054622344153
35850 0.008835852023576783
35900 0.009809991084092551
35950 0.00909522414872387
36000 0.00939390008985193
36050 0.009028438698382272
36100 0.009681467654879412
36150 0.010322621869391584
36200 0.011442865383872557
36250 0.011546167245443198
36300 0.009825095179223505
36350 0.010397904207628424
36400 0.010833405538714373
36450 0.009767963484081587
36500 0.010429518729571813
36550 0.0124695646148719
36600 0.01298832090879254
36650 0.015572712888677771
36700 0.016893463305964466
36750 0.012243016022432586
36800 0.010548717131731803
36850 0.009480194372507342
36900 0.009404097411632553
36950 0.01123640880669717
37000 0.010190418381889749
37050 0.008773117739164647
37100 0.009550194027888287
37150 0.010393104226261059
37200 0.008674542593366898
37250 0.00883308086693709
37300 0.0089082267628732
37350 0.009383593872271388
37400 0.011653291181370921
37450 0.015341423137867754
37500 0.009676904167051534
37550 0.010850733085084961
37600 0.014052788232364888
37650 0.0123794418342959
37700 0.010870698231595883
37750 0.01174573636847179
37800 0.013558938306306383
37850 0.012191886940021794
37900 0.019459203360472247
37950 0.013144329249807764
38000 0.010381237706994832
38050 0.008685436499354196
38100 0.008381891011073265
38150 0.007785082172152023
38200 0.008224132076669093
38250 0.009526766831418771
38300 0.009681914773314277
38350 0.012637019538046752
38400 0.021395726416569154
38450 0.014424747894004546
38500 0.013978878067968426
38550 0.011241330268702006
38600 0.009077133926222383
38650 0.01081941071048735
38700 0.008134536958130068
38750 0.008236942183706318
38800 0.008648600430064901
38850 0.008334344175431269
38900 0.008707333533631621
38950 0.011422403085026287
39000 0.021544541276175222
39050 0.020748508084633566
39100 0.013193091867678197
39150 0.008838216410955656
39200 0.009145380758028069
39250 0.008366870123131637
39300 0.009387542817912061
39350 0.009196058975672047
39400 0.010351333930772293
39450 0.008906273306601601
39500 0.009045552059809505
39550 0.010775829208339284
39600 0.012634167502714688
39650 0.011133365646059924
39700 0.009864247722698553
39750 0.009278962926927233
39800 0.009623958447918886
39850 0.00884438547289748
39900 0.008040951568471382
39950 0.007973636458959014
40000 0.008089373336956042
40050 0.010577637678495498
40100 0.010235679369988154
40150 0.009233664274062317
40200 0.009352242697761382
40250 0.009165847689306469
40300 0.008542968536070478
40350 0.009001113966941686
40400 0.008679386699873962
40450 0.008615791558538267
40500 0.008759458662454185
40550 0.009333375273415705
40600 0.00860780695044435
40650 0.008399532032857397
40700 0.008546007107857712
40750 0.009860105551831625
40800 0.01062667257904782
40850 0.00963374129785125
40900 0.00938893045763604
40950 0.00810310915516476
41000 0.008227573211291167
41050 0.008028942603253044
41100 0.008049080046199007
41150 0.008074574468364536
41200 0.00832565245351822
41250 0.008346168056643637
41300 0.008959260617900136
41350 0.014386155948814832
41400 0.012928098088132946
41450 0.01188003306368242
41500 0.010825827610858303
41550 0.012842084663515285
41600 0.012087029861883798
41650 0.009435176422201857
41700 0.010034106304099724
41750 0.009441395320667553
41800 0.010192201336897404
41850 0.008084645013056153
41900 0.008220785287277587
41950 0.008627167869569952
42000 0.00920699689611405
42050 0.008560685165964315
42100 0.008006339919612507
42150 0.008482511293148549
42200 0.007826551044567481
42250 0.010299116634573075
42300 0.011380748610350495
42350 0.011221385616440493
42400 0.009127286066658365
42450 0.007938037638921131
42500 0.008150666067487457
42550 0.008544108871893398
42600 0.008848360719416772
42650 0.010377028812774849
42700 0.011294400808096048
42750 0.013286642925544486
42800 0.013208315664039934
42850 0.010122985700930905
42900 0.008715163518925007
42950 0.008439187357998859
43000 0.009100898169051101
43050 0.01031859698887345
43100 0.011447957719254555
43150 0.010249694560621707
43200 0.008965497761820191
43250 0.009704668954479934
43300 0.012994852960545889
43350 0.013164591691120874
43400 0.013714319564774466
43450 0.015046559951942593
43500 0.009169469727570817
43550 0.012967999674052917
43600 0.010999172127318402
43650 0.009278364551000921
43700 0.00826217229211562
43750 0.011548661210775928
43800 0.009101442102066063
43850 0.009642614376033
43900 0.00854382796279179
43950 0.008751333829988507
44000 0.008237405061581476
44050 0.00827298629459986
44100 0.01090098273143757
44150 0.010642557270250343
44200 0.010711754300911069
44250 0.013020608442790479
44300 0.013486345619394133
44350 0.012300990000770142
44400 0.008422142324498828
44450 0.008977022418456004
44500 0.010531078113016196
44550 0.008886112711230647
44600 0.008411733385990628
44650 0.00820310971889073
44700 0.008963941602163673
44750 0.008054666129704697
44800 0.00835117939457825
44850 0.01067319274075042
44900 0.014638894713128387
44950 0.011579000473854136
45000 0.0135519420015409
45050 0.012632581513252769
45100 0.010120995463577417
45150 0.010792862580785823
45200 0.008886724618787305
45250 0.008888469605860282
45300 0.009154522246691617
45350 0.009302373959592675
45400 0.009724937676940246
45450 0.010084683285136065
45500 0.009849395316418921
45550 0.009496754767900059
45600 0.008903628094919673
45650 0.009236610647884915
45700 0.010404302808765553
45750 0.009970802915057564
45800 0.009827489970240548
45850 0.00947749435290497
45900 0.011148043623227894
45950 0.00873607546112389
46000 0.008651703088325479
46050 0.009615536914580183
46100 0.008268912882381851
46150 0.008430477607187317
46200 0.008360265497164038
46250 0.008657446064549879
46300 0.008807200972911381
46350 0.007920556583143138
46400 0.009335596102263559
46450 0.008840254916469862
46500 0.008827053237216421
46550 0.009315646974870556
46600 0.00964736995362136
46650 0.01014667667138313
46700 0.008868539304849968
46750 0.00973150804852081
46800 0.009627705408293585
46850 0.009239129328370458
46900 0.010832652442409482
46950 0.011740717303510029
47000 0.01323846815583269
47050 0.011303368864108942
47100 0.011470912341894663
47150 0.010696512364690687
47200 0.01121305264563239
47250 0.010177926344580843
47300 0.010233107491660665
47350 0.008132430684787322
47400 0.009021429802622943
47450 0.008845428109821528
47500 0.008354357398796487
47550 0.008602721567727093
47600 0.008085503181419254
47650 0.007870331358064203
47700 0.008669385386337417
47750 0.008550591466316017
47800 0.008093033139234257
47850 0.008567533449986606
47900 0.008335418417444599
47950 0.008542952175047126
48000 0.008502955029015226
48050 0.008188871547818902
48100 0.008574359853260667
48150 0.008435851094497245
48200 0.008649375332141454
48250 0.00853195271342023
48300 0.008005871399515129
48350 0.008401256460333214
48400 0.00810704171777074
48450 0.008515019674012197
48500 0.00841009749568572
48550 0.00919595768310958
48600 0.008800667798011554
48650 0.007766816935101033
48700 0.007855806690582216
48750 0.008086381224767562
48800 0.00817272337723708
48850 0.008952358253392096
48900 0.00817045927639755
48950 0.008087707006865208
49000 0.009017254292017666
49050 0.009016489514953121
49100 0.008859883258293172
49150 0.008598246378173816
49200 0.009614217978570849
49250 0.00822007928451433
49300 0.00823324879440752
49350 0.008064321264463267
49400 0.007571194839150875
49450 0.00778248670436848
49500 0.008842247728652846
49550 0.008757909814213828
49600 0.007763904279523989
49650 0.007638343706996614
49700 0.007788508303238883
49750 0.007686629351738241
49800 0.008705622043528025
49850 0.007994663176279827
49900 0.0078036274874487945
49950 0.008227548591939972
50000 0.009738658657696008
