50 0.9693382892454846
100 0.9847040787728851
150 0.984976395311583
200 0.9827161372399249
250 0.9799348315713973
300 0.9754606374976336
350 0.9701746459623749
400 0.960187454597784
450 0.9467889580790138
500 0.9261119461407634
550 0.9004066611111061
600 0.8608980359696012
650 0.8019397203700588
700 0.7350950524273899
750 0.6404403725431337
800 0.5074240758027694
850 0.37884406313795366
900 0.3432830417736871
950 0.30793533778173393
1000 0.21358747183398383
1050 0.18292939300178668
1100 0.15679739962406067
1150 0.17365126457051827
1200 0.1343891747390286
1250 0.0971808838198639
1300 0.08773451855273719
1350 0.07248668882371848
1400 0.14421059520110258
1450 0.1625486087262434
1500 0.12082253433090144
1550 0.09662307912479531
1600 0.07865727114393195
1650 0.06960698866014331
1700 0.0654367687094878
1750 0.0561166402367078
1800 0.042050527684712714
1850 0.04311922164666738
1900 0.10720049060103425
1950 0.08020116085516726
2000 0.07153659082649705
2050 0.077819465941465
2100 0.047868651625365626
2150 0.043737182919314554
2200 0.04854293171515945
2250 0.0859513218727107
2300 0.06303594021858618
2350 0.1474177958468031
2400 0.06090784574725747
2450 0.04200946260472776
2500 0.03659817968834235
2550 0.042122793067338994
2600 0.04843208225046141
2650 0.07703618734599418
2700 0.10836092115595422
2750 0.047235232909088896
2800 0.043537836211357116
2850 0.052470450739227015
2900 0.03978404351478203
2950 0.04252939888901862
3000 0.043771653602674834
3050 0.052847373486591236
3100 0.07011785054065775
3150 0.05665865436842476
3200 0.04136084656871993
3250 0.04994874328542165
3300 0.07575593029214106
3350 0.06099493503596678
3400 0.06610087022031078
3450 0.08078230336951804
3500 0.052937372672710925
3550 0.06498339424808029
3600 0.03754034861308732
3650 0.044628620031520086
3700 0.06440856884323819
3750 0.046238342841562634
3800 0.05889954076907154
3850 0.032962767136870456
3900 0.21226592960261784
3950 0.14822949494737095
4000 0.09155950277870759
4050 0.08207039823077227
4100 0.050756503474025064
4150 0.041688411324179685
4200 0.040720006439591075
4250 0.03736002924433844
4300 0.043077665379290364
4350 0.04444991799998333
4400 0.11511173041661152
4450 0.07681318981150197
4500 0.04258965493965067
4550 0.03323509856828186
4600 0.0360490099576033
4650 0.038418917939270374
4700 0.04786654965953344
4750 0.04227962289414744
4800 0.03280704043811347
4850 0.15703684398671172
4900 0.10560748722655529
4950 0.05592923861084745
5000 0.05917245189876777
5050 0.04889506152580524
5100 0.04018789473351852
5150 0.04819299138052597
5200 0.05894930311254359
5250 0.0410969983597744
5300 0.036763278252785865
5350 0.04232930297107057
5400 0.03872283120762854
5450 0.035370240187997844
5500 0.03930597286550058
5550 0.04009639285539962
5600 0.03646579946483934
5650 0.051299993697192695
5700 0.030377787622136002
5750 0.0500689142121952
5800 0.034444373417415325
5850 0.03613131252369041
5900 0.05088715348687099
5950 0.04299397772540229
6000 0.06737748661641389
6050 0.03956738141070789
6100 0.03229865999079526
6150 0.038505688015720844
6200 0.03565514589394918
6250 0.04463068040881512
6300 0.030265023864834605
6350 0.035632014306768905
6400 0.04209977758443518
6450 0.036255053444169606
6500 0.05543971614221206
6550 0.0463997768959603
6600 0.057681127260196044
6650 0.043925759560045005
6700 0.036088275248444046
6750 0.031593292378813136
6800 0.08430471065438937
6850 0.04307404661106245
6900 0.03234384120228393
6950 0.04614400588794068
7000 0.03138320460328791
7050 0.033505980618431665
7100 0.03560467258360435
7150 0.05214738581791668
7200 0.03222109709575647
7250 0.04422476447959844
7300 0.03404046521411352
7350 0.0302017352523156
7400 0.03307076338703039
7450 0.051861560434351736
7500 0.047642941006990874
7550 0.026949722670790897
7600 0.059690327823479966
7650 0.043987158019047595
7700 0.027894957339246514
7750 0.027585212779940336
7800 0.032229841584661745
7850 0.03842405065637184
7900 0.04755627458131796
7950 0.07794269608200119
8000 0.027636562913886057
8050 0.03129864239105732
8100 0.031225415361306505
8150 0.04019784812143672
8200 0.060804254528734086
8250 0.03527631601040489
8300 0.04379765122848086
8350 0.04141822780908319
8400 0.037597211228271
8450 0.05194117690567917
8500 0.050302606812522785
8550 0.030838026583425375
8600 0.03405876909587043
8650 0.02691693112319938
8700 0.031071355278477368
8750 0.03060139639992367
8800 0.02478303267287652
8850 0.03884304265862125
8900 0.056012419959756185
8950 0.041702431996624996
9000 0.033787209241038854
9050 0.03355236760026691
9100 0.0277245063134962
9150 0.02239174135802038
9200 0.024076573018518153
9250 0.029624336000302585
9300 0.02741526543828099
9350 0.02803925238050714
9400 0.03374214992404439
9450 0.042088996295781694
9500 0.06459692029795276
9550 0.052362730914254405
9600 0.02923312168103609
9650 0.025654384189471736
9700 0.042982373642464065
9750 0.03589720756315716
9800 0.026905479783963168
9850 0.057069519047519585
9900 0.03873977245959154
9950 0.04332533355199887
10000 0.04702316036231836
10050 0.02304334986775417
10100 0.04410939314441387
10150 0.03240327544661895
10200 0.0221058552188675
10250 0.01985007702774545
10300 0.033122706058116486
10350 0.03371540106334458
10400 0.04258024210983568
10450 0.023796595360608283
10500 0.059590255828114384
10550 0.02213130526543596
10600 0.02197519643808069
10650 0.019446112590410937
10700 0.0354457310206225
10750 0.031093589807464662
10800 0.030049942912971084
10850 0.022904812837663012
10900 0.022613297196783344
10950 0.05582028967999339
11000 0.038905173762568385
11050 0.0382915728193379
11100 0.021080081907209242
11150 0.026805976382389806
11200 0.026742886577611247
11250 0.03117552516401429
11300 0.02290698063209453
11350 0.02950751117561316
11400 0.03402254438087335
11450 0.022595427459590044
11500 0.04779318426481961
11550 0.02676688357140649
11600 0.03790449881981238
11650 0.05540256423589005
11700 0.03819049940553059
11750 0.06150830017623027
11800 0.07789966777811788
11850 0.028896733576831733
11900 0.02910205288711527
11950 0.05329691466820546
12000 0.05994343312867178
12050 0.07066743666385003
12100 0.0364039601019077
12150 0.06062954137141656
12200 0.07739371769403763
12250 0.06252147780726326
12300 0.017917460432940235
12350 0.04373059414876314
12400 0.06430480696608419
12450 0.023897534913226798
12500 0.048673774404409995
12550 0.026764699617514674
12600 0.0180754576585761
12650 0.025862527560738157
12700 0.035717745144652126
12750 0.072733318051293
12800 0.020124254327661593
12850 0.05287844120772935
12900 0.052861697747870695
12950 0.026134933861959274
13000 0.026174954801147583
13050 0.025995805686825538
13100 0.02200821473874119
13150 0.02176612625090245
13200 0.021132434046958203
13250 0.022931845135477965
13300 0.021655363052849114
13350 0.03937762819524889
13400 0.024902603267746105
13450 0.04343019687473918
13500 0.04054295222903582
13550 0.037050541255687366
13600 0.02934789914326788
13650 0.02369193586579682
13700 0.021088372894297786
13750 0.022788329502539194
13800 0.018812795825237434
13850 0.021825034721013707
13900 0.026409800793538322
13950 0.01691127741641754
14000 0.029802862409336002
14050 0.071030346034906
14100 0.051866089239276346
14150 0.04614262054972579
14200 0.04039737051907611
14250 0.027517426697931828
14300 0.02347197685231905
14350 0.05147113620660698
14400 0.05981574991724979
14450 0.034196514735967964
14500 0.058762784908560343
14550 0.022568327834822717
14600 0.025519040896126343
14650 0.02195685207149643
14700 0.07273261374195468
14750 0.018820070040070188
14800 0.02974477476787473
14850 0.04065330060337458
14900 0.022038784669763587
14950 0.027939169398501013
15000 0.056428339385326605
15050 0.04527442938276172
15100 0.04972278563145679
15150 0.034523899079599456
15200 0.022198921792291323
15250 0.021565181633653636
15300 0.02306680625409388
15350 0.022383027496144885
15400 0.021481544619440726
15450 0.019383727675729674
15500 0.021476150629650807
15550 0.03147022676752365
15600 0.029688829619774298
15650 0.05738157735823714
15700 0.030920882660204766
15750 0.02052167466539262
15800 0.04897624477805584
15850 0.030908762345455674
15900 0.01852863762249807
15950 0.017190729489575483
16000 0.02720443304143578
16050 0.042069015797942144
16100 0.04992638625548795
16150 0.03688986798366524
16200 0.01771460763265717
16250 0.01752654342631168
16300 0.03960102104380535
16350 0.04860772805745506
16400 0.02056162244456942
16450 0.039700164879882587
16500 0.037611197558289095
16550 0.02601707687131755
16600 0.026569642021713243
16650 0.03109319977247866
16700 0.02115301080620535
16750 0.029355040079422686
16800 0.03646502458495083
16850 0.04762371201759388
16900 0.03733218373286932
16950 0.03201465545368933
17000 0.01971857679497368
17050 0.0401724920690868
17100 0.048777468873913786
17150 0.020863733323782746
17200 0.021241264818962345
17250 0.053111004832596176
17300 0.03857699953656477
17350 0.04421191514169329
17400 0.02320996339422218
17450 0.028605539036326108
17500 0.021048393023009267
17550 0.019671314839887277
17600 0.045334256399719726
17650 0.023952141277065603
17700 0.04750662854706492
17750 0.03440234778317196
17800 0.020105176588082432
17850 0.020383265036956352
17900 0.023479052833690128
17950 0.028771329121533545
18000 0.04010433293314165
18050 0.01654478371729982
18100 0.03599328467039012
18150 0.023870173464500922
18200 0.03206045497906009
18250 0.01999858525364321
18300 0.022435900636349558
18350 0.05065672137388164
18400 0.017074273616614524
18450 0.023555383139621026
18500 0.032361437004860535
18550 0.019451709545282827
18600 0.057974515281178925
18650 0.026586482964905185
18700 0.02527282650974426
18750 0.03220667547181946
18800 0.028099131554742095
18850 0.028722185069205722
18900 0.019890281518956138
18950 0.05133355219779518
19000 0.03417777975643374
19050 0.026372203205222326
19100 0.026886907950176505
19150 0.05377417824815423
19200 0.05137207263528105
19250 0.02512060639795465
19300 0.023990878785537743
19350 0.025010797719173222
19400 0.042412354784791585
19450 0.02958280149326136
19500 0.023163858928643817
19550 0.025418808044590374
19600 0.02647815118477891
19650 0.05518328921878577
19700 0.04167058789144292
19750 0.03262876695845647
19800 0.01754530418514131
19850 0.015453660633859742
19900 0.024986534537403994
19950 0.015395430060410076
20000 0.02541877394178931
20050 0.01470317428092177
20100 0.015338429400274307
20150 0.015271089617518021
20200 0.019173533506058896
20250 0.03105370899222615
20300 0.01621045506108942
20350 0.02242217859631704
20400 0.04114820889657705
20450 0.023524975637719214
20500 0.026426145566273634
20550 0.03495791923572043
20600 0.016779995423634703
20650 0.01621748437473902
20700 0.012205037061238986
20750 0.01380094145500445
20800 0.01734578651605226
20850 0.031246060383735057
20900 0.035143873583935836
20950 0.026602848183971135
21000 0.018293052429786204
21050 0.016123894618524558
21100 0.025004510666182898
21150 0.02990353926268829
21200 0.014573258921287711
21250 0.018371419920143447
21300 0.02457028237958699
21350 0.02974248339244847
21400 0.022254637306141637
21450 0.016439726082137715
21500 0.026387938794247553
21550 0.014663748143339112
21600 0.02233297307905921
21650 0.012396651799885122
21700 0.019017959905428403
21750 0.020882940403998147
21800 0.01332234165870744
21850 0.023807231496275602
21900 0.036069412645708496
21950 0.015343709811213746
22000 0.028207401562372416
22050 0.020582009968851657
22100 0.01984404246973397
22150 0.014602964885176524
22200 0.044679553884042655
22250 0.05269099300636695
22300 0.014703456804720766
22350 0.013176771330818769
22400 0.018017402980609325
22450 0.012663055958342566
22500 0.013256951056442937
22550 0.036020176842339206
22600 0.015815606335797008
22650 0.02486696841839903
22700 0.01708832938708204
22750 0.031743498985930436
22800 0.034380289901321595
22850 0.023686143383076164
22900 0.01369316163323828
22950 0.021492974484301524
23000 0.04004218335752391
23050 0.013843494353768259
23100 0.03486338727999672
23150 0.012984630339788524
23200 0.03480311022380101
23250 0.023063497586490962
23300 0.014934597626827872
23350 0.025055959706603542
23400 0.03664655432610536
23450 0.021881127259062997
23500 0.01634880600858206
23550 0.01318097935246055
23600 0.019408989862598734
23650 0.015443491940253313
23700 0.05566360388033149
23750 0.04479634910346561
23800 0.01561077187984333
23850 0.01658324900663271
23900 0.01648882813796214
23950 0.03430780716963901
24000 0.028267752183775426
24050 0.02789716834725594
24100 0.043810481505831576
24150 0.04023222977171345
24200 0.022547331274566713
24250 0.016306862489344775
24300 0.044036264698882964
24350 0.034188362833551346
24400 0.01476138622106701
24450 0.028284374262849955
24500 0.026532695040455374
24550 0.024080361398630377
24600 0.01604051205417543
24650 0.02184575927390738
24700 0.024816252083460624
24750 0.02117198014105177
24800 0.029155888615995097
24850 0.03923288773407419
24900 0.0396521102858863
24950 0.027539098767216007
25000 0.014575443769268817
25050 0.024677502356338817
25100 0.02628853086829721
25150 0.038044242787016444
25200 0.04090894446042321
25250 0.04479841699858449
25300 0.0371104351479456
25350 0.015876100683733647
25400 0.01658476378769835
25450 0.021231246787083158
25500 0.014370427341432354
25550 0.014716416506043759
25600 0.01972498827607897
25650 0.020341724716162055
25700 0.021342677757465192
25750 0.015208289344145049
25800 0.013719685795472749
25850 0.026872801102265472
25900 0.03138887927863996
25950 0.017052345043522144
26000 0.02372334706550125
26050 0.017492497927821125
26100 0.022337263345241776
26150 0.015122273653355764
26200 0.018703237277109357
26250 0.02674131580170673
26300 0.027922856662638457
26350 0.03572307505902137
26400 0.018787375730221382
26450 0.017940465273380588
26500 0.01456031944249518
26550 0.023629102397380992
26600 0.018450072397494768
26650 0.02321233542510616
26700 0.014524756274235294
26750 0.01977060920005896
26800 0.03282120119796328
26850 0.017937165412663277
26900 0.022093811058481336
26950 0.01679181443812729
27000 0.02186807562275078
27050 0.013921593366761407
27100 0.01642785042970126
27150 0.013796178325219578
27200 0.014100694503989356
27250 0.02552085061834445
27300 0.03707801836238592
27350 0.012801038419976155
27400 0.016050972540550636
27450 0.01535402182298263
27500 0.019214035715828262
27550 0.014728858014811002
27600 0.03594356449772271
27650 0.027497935274243823
27700 0.0228966427238575
27750 0.018748847624302296
27800 0.025617682495418934
27850 0.02990841326037979
27900 0.019731330437797137
27950 0.01837162772963306
28000 0.015782036349216898
28050 0.016618957316794435
28100 0.015028995705126827
28150 0.01630933629521696
28200 0.015890749162682287
28250 0.015459048867297619
28300 0.025520601592609847
28350 0.023850489188188825
28400 0.016214571745352124
28450 0.01504120424570663
28500 0.015167565271967762
28550 0.019300707586084535
28600 0.01889364112078469
28650 0.027478421189963624
28700 0.013708950474726854
28750 0.018836151896714132
28800 0.015027360863937366
28850 0.016313205236839778
28900 0.024680278665114987
28950 0.018430942765863816
29000 0.016406850175580932
29050 0.03138679369362041
29100 0.019149926144703452
29150 0.021909501216871307
29200 0.015237168227421641
29250 0.017797170059775658
29300 0.024574906390724415
29350 0.0197970404925503
29400 0.022139964106388417
29450 0.026552440478464383
29500 0.029774573810375276
29550 0.02050771590574372
29600 0.028433460510028034
29650 0.019419326185391522
29700 0.016837915636933827
29750 0.020863671195716554
29800 0.026750782836164104
29850 0.028946618592583212
29900 0.028417109364625867
29950 0.014837622521625658
30000 0.015119395525433114
30050 0.015867068723550516
30100 0.018008539449800624
30150 0.018804868773407347
30200 0.02769895987068322
30250 0.02049625546626856
30300 0.024437325715794798
30350 0.018022587093343926
30400 0.0183387515689018
30450 0.011918944875826102
30500 0.013501478029172457
30550 0.014318126981727292
30600 0.013277131034740276
30650 0.014045242568534783
30700 0.01672677861351951
30750 0.018445722301022996
30800 0.014637638437307195
30850 0.015069408246069472
30900 0.012671323262223907
30950 0.012875184893632792
31000 0.015445553507365114
31050 0.014973144976254817
31100 0.014435301900205184
31150 0.010816993049498451
31200 0.013679962214993553
31250 0.01405029486718396
31300 0.014326303212014726
31350 0.021018610271436405
31400 0.012024591876693842
31450 0.011397558212282317
31500 0.013293908596906566
31550 0.012974927871820575
31600 0.011883329396584796
31650 0.01204636628765908
31700 0.012177345264594195
31750 0.015268517482573983
31800 0.012217819036811184
31850 0.01327219089920777
31900 0.014238668946711783
31950 0.01438806453110989
32000 0.012705149685034637
32050 0.01487799561827595
32100 0.015865032716292103
32150 0.015605062123978811
32200 0.019760093530565265
32250 0.025318826856073628
32300 0.022767252165175684
32350 0.022709241532327472
32400 0.03217602294257654
32450 0.030219158520991003
32500 0.023841046688530262
32550 0.025105353281588944
32600 0.023697631643112633
32650 0.019707137302680495
32700 0.016476945632086605
32750 0.014364675412180318
32800 0.01737069155808303
32850 0.01984191170848484
32900 0.02444534425569081
32950 0.029223530816078598
33000 0.020254764726615696
33050 0.013091355275202192
33100 0.012776998613641491
33150 0.013578612492779809
33200 0.015554380876667401
33250 0.01840978303516468
33300 0.015695714465446032
33350 0.013113294393346775
33400 0.01950966635186131
33450 0.018755390707203938
33500 0.026017898345849933
33550 0.031322109922404015
33600 0.037434072334184186
33650 0.019776488417599943
33700 0.018764845506783274
33750 0.02931322864694277
33800 0.02843429654564875
33850 0.021611016187044453
33900 0.01712679375143956
33950 0.013834013207398854
34000 0.014134457580726791
34050 0.012795083966862754
34100 0.015875779928951193
34150 0.013381196637620201
34200 0.012650232302795078
34250 0.013958721342602004
34300 0.018167164536646716
34350 0.012934032711301923
34400 0.012333282875775675
34450 0.011713178808087837
34500 0.017458761452886763
34550 0.025475198789718143
34600 0.02609748540081896
34650 0.01706432507002233
34700 0.013457849243243978
34750 0.022891781036361386
34800 0.02863027392477663
34850 0.02440257632758222
34900 0.02546104697649853
34950 0.01606671179353874
35000 0.017286903300878828
35050 0.012451872566336578
35100 0.01780748215226838
35150 0.024343907242361573
35200 0.02137522380280788
35250 0.015083273727303281
35300 0.019591491333863797
35350 0.01625509961530265
35400 0.0138280243809755
35450 0.013717324212417902
35500 0.013201008998285935
35550 0.011456174715958497
35600 0.0134388704504363
35650 0.012586086683051976
35700 0.014060966305535104
35750 0.012253789917374872
35800 0.016853002724959203
35850 0.01601397749708679
35900 0.013816100410623467
35950 0.014306737522391607
36000 0.01385047300197908
36050 0.013897137286627413
36100 0.014336059068210161
36150 0.012354585021204213
36200 0.01420453344187866
36250 0.015015596763697781
36300 0.012801169227949471
36350 0.013797082797998194
36400 0.01268320831724763
36450 0.013794868680216068
36500 0.014689011448431516
36550 0.019626120324141443
36600 0.014238333505031819
36650 0.015313057451823904
36700 0.016599814030574003
36750 0.013603143814474222
36800 0.012369195267435937
36850 0.012459796656909494
36900 0.012958417845041812
36950 0.011903698410997166
37000 0.010404728892892689
37050 0.011179141272710212
37100 0.01278706305294879
37150 0.011870662106299229
37200 0.014125016079453786
37250 0.01369026799865154
37300 0.01117332335826352
37350 0.01405367050893413
37400 0.014485697288443995
37450 0.01580372736986121
37500 0.015634881256810108
37550 0.010704632455792671
37600 0.012035462296901544
37650 0.01398564319416991
37700 0.013264161424603965
37750 0.014346837531062237
37800 0.014303306207615779
37850 0.014316812403061534
37900 0.012781175264771079
37950 0.014497647241858312
38000 0.02207309341076559
38050 0.030505529579979943
38100 0.020394996269935375
38150 0.018121268302740773
38200 0.012591008840719705
38250 0.014755740160288834
38300 0.01392588295591327
38350 0.010940979726662392
38400 0.020045942258320203
38450 0.02235207831080733
38500 0.013159203679304487
38550 0.024261824880913104
38600 0.021656546990830947
38650 0.022495990904251664
38700 0.027853087819776443
38750 0.018997175007834655
38800 0.0177678817472376
38850 0.01719037424344072
38900 0.020533359250999163
38950 0.022945928172023827
39000 0.023138278172705726
39050 0.032031288989492854
39100 0.039026037310444524
39150 0.043480788759188864
39200 0.04599618126471365
39250 0.03738235329016513
39300 0.04181927909215956
39350 0.04085673238165024
39400 0.03452501295105199
39450 0.02671766070441762
39500 0.03695403710679502
39550 0.028730882745340722
39600 0.03204439410932889
39650 0.03246938393724453
39700 0.03210975376099925
39750 0.03194196141493567
39800 0.03410264985192751
39850 0.030502675786948503
39900 0.03171513974148776
39950 0.02583153136602049
40000 0.021123821192234382
40050 0.016570165971461385
40100 0.017458921562503848
40150 0.017154863084328995
40200 0.013968597651294525
40250 0.013420070050804884
40300 0.013191402509373548
40350 0.013781084130889432
40400 0.012199490861781069
40450 0.012457405549945256
40500 0.012830555228083598
40550 0.016479646549444452
40600 0.015409296350032822
40650 0.013626714725520492
40700 0.014146089021488263
40750 0.011856493646533543
40800 0.013635180198642793
40850 0.014235847869329648
40900 0.013778829637452925
40950 0.013682453474853805
41000 0.013937755580059668
41050 0.015801446665965963
41100 0.01574243485340743
41150 0.02014793842291415
41200 0.01778730662266573
41250 0.016296843113110412
41300 0.015400092228652894
41350 0.015881950135596585
41400 0.012325815757328353
41450 0.012511679540950121
41500 0.012316837286625618
41550 0.01215514690652538
41600 0.014312453593867895
41650 0.013738890495518408
41700 0.012738663971280931
41750 0.014372304668045177
41800 0.017063382802795023
41850 0.017430159392677804
41900 0.018123856026834792
41950 0.016348608632298995
42000 0.01791275709519592
42050 0.016083417750160388
42100 0.014752602745414742
42150 0.013255342327197382
42200 0.014611453998743945
42250 0.013196520109570835
42300 0.01186318814703234
42350 0.012717017310246171
42400 0.013288741894073851
42450 0.01443670951815826
42500 0.014451148281233983
42550 0.015375258662157401
42600 0.014075629613616674
42650 0.014557472595962774
42700 0.01705482560685619
42750 0.01749879264664046
42800 0.014731231222817715
42850 0.013559353419374046
42900 0.015748988332227123
42950 0.013578484558158204
43000 0.015110999253420885
43050 0.014289857078025464
43100 0.013753529733293288
43150 0.014260868306083275
43200 0.014650521546432456
43250 0.013945388374262879
43300 0.013876512738003052
43350 0.014368638559973864
43400 0.014118577305587753
43450 0.013914409993360934
43500 0.013765540808621699
43550 0.012257200382216154
43600 0.01388851144741504
43650 0.014419071111105792
43700 0.015901116507802376
43750 0.013125178469796911
43800 0.01300664542042186
43850 0.01454684458659062
43900 0.014303430157695168
43950 0.013459766364547926
44000 0.014191556875515996
44050 0.014231524917326373
44100 0.01422637118796404
44150 0.013826694949628187
44200 0.01457661018489804
44250 0.01371707713383661
44300 0.01274203100037702
44350 0.012339968590883418
44400 0.013202684668619761
44450 0.012924723656966869
44500 0.013665111871168844
44550 0.014543768872387631
44600 0.014613289496790374
44650 0.012830857200281594
44700 0.013603650715421868
44750 0.012623819650788686
44800 0.013644440399582219
44850 0.013010652045663313
44900 0.01602004975310094
44950 0.01575492409325772
45000 0.016012667989878483
45050 0.016147379269542447
45100 0.01630728600515978
45150 0.015078087557586077
45200 0.014917390947480636
45250 0.014397904383958058
45300 0.01265571067926796
45350 0.013919223521539549
45400 0.014888665658966667
45450 0.01531674874080953
45500 0.014261849916385488
45550 0.013544796112214258
45600 0.015042126748013562
45650 0.013310747317851397
45700 0.013327522832497935
45750 0.0129668741074571
45800 0.014847049114497067
45850 0.013039004096290017
45900 0.012100449053876274
45950 0.013761415911678832
46000 0.01256127316304886
46050 0.014069412003759711
46100 0.012018447583373202
46150 0.011928455954967776
46200 0.013806588239365897
46250 0.011864963783120712
46300 0.013073502857309864
46350 0.012912831744881559
46400 0.01346984795832482
46450 0.012633018143488689
46500 0.012642568846616698
46550 0.01320616027917896
46600 0.01338367457977564
46650 0.01339153149848725
46700 0.014284540120709293
46750 0.01506128675594819
46800 0.016201900687307525
46850 0.01534150845448205
46900 0.017796167251047587
46950 0.01572582222122907
47000 0.016050392701835805
47050 0.017323743873750366
47100 0.015183005941476395
47150 0.01698323170355377
47200 0.017243546383864952
47250 0.019323149887663503
47300 0.016354140094460866
47350 0.019043237124589607
47400 0.019041056532983203
47450 0.01634582021708154
47500 0.01633161800057989
47550 0.018857285211469475
47600 0.016966086625854544
47650 0.016910650177999777
47700 0.014938834293206665
47750 0.015504998612431067
47800 0.013968090282672867
47850 0.015939176424658735
47900 0.015682586172031686
47950 0.016361156018816693
48000 0.015579441314011469
48050 0.015057676260717415
48100 0.0165243735289996
48150 0.015083608509953649
48200 0.015477023333197865
48250 0.015021028974086468
48300 0.01613397913312613
48350 0.017725533728447616
48400 0.012575602643457006
48450 0.013732918440479155
48500 0.012359489356517869
48550 0.013206336305847489
48600 0.014113741186698687
48650 0.013978446135214156
48700 0.013754309913096771
48750 0.013557540237790827
48800 0.012598916140507779
48850 0.012856454847216082
48900 0.014815143852437804
48950 0.013646488849983453
49000 0.012533980571890056
49050 0.013529445012329784
49100 0.011798552483153087
49150 0.013055603837368713
49200 0.013881834381705784
49250 0.012688168006261017
49300 0.012874150585521695
49350 0.013181132107849597
49400 0.011664009684886869
49450 0.011473959360035275
49500 0.012941561408095166
49550 0.012611570660070888
49600 0.012380502956144507
49650 0.012556951897011908
49700 0.01245117131172138
49750 0.01278519940353644
49800 0.011978036758326349
49850 0.012119734621447387
49900 0.013266621120102573
49950 0.013476779494080281
50000 0.01275957154521361
