50 1.0032058355550768
100 1.0027258819929123
150 1.000051639169229
200 0.9996594901286002
250 0.998996780091348
300 0.9983794141417965
350 0.9977870664620445
400 0.9978218146571266
450 0.9966705985409278
500 0.996091492081882
550 0.9949519212492187
600 0.9947063625925001
650 0.993570257563008
700 0.9922363292388863
750 0.9901015840041384
800 0.9871468079919684
850 0.9814098569207118
900 0.9717332131668908
950 0.952441206747046
1000 0.9205699688960752
1050 0.8814052729959466
1100 0.813684881013308
1150 0.7566334907654897
1200 0.5916255271615617
1250 0.39536389126693666
1300 0.6324989063675356
1350 0.4700778624923817
1400 0.2972022361767643
1450 0.1403054126269564
1500 0.1409932262678556
1550 0.11409179537938502
1600 0.10677119948297496
1650 0.05941870144503567
1700 0.11733135947794707
1750 0.0629780896817813
1800 0.06083193401140781
1850 0.07165310006014816
1900 0.05640140474924005
1950 0.04553695083759357
2000 0.1988949201403165
2050 0.13006366790792423
2100 0.0630032235793068
2150 0.057409236861924035
2200 0.04173563437071609
2250 0.05721004146237416
2300 0.08528875880050407
2350 0.03891750694101339
2400 0.04767454629083187
2450 0.2819810699857887
2500 0.14168448265442166
2550 0.04513114263160474
2600 0.04238382868475956
2650 0.03623466348634437
2700 0.03824014464560997
2750 0.040392136924241054
2800 0.05390212483758532
2850 0.050404519329050226
2900 0.052656379063760674
2950 0.04163437605815607
3000 0.26649335733269824
3050 0.045203281232864496
3100 0.038048591652753844
3150 0.1588035204910957
3200 0.062332668704831874
3250 0.03420954275126561
3300 0.039266953926440015
3350 0.045519185362178576
3400 0.07891133137853325
3450 0.03489010628092791
3500 0.2280279068763598
3550 0.25796017773496027
3600 0.041270168941416045
3650 0.046878891283225
3700 0.03454946750831513
3750 0.033916166340347685
3800 0.030888041630833644
3850 0.041476166759348516
3900 0.029274566985768996
3950 0.03605888772952824
4000 0.042147099468250654
4050 0.028298078772950066
4100 0.041041727038844344
4150 0.030184098717140048
4200 0.052624898298287266
4250 0.054412802115830744
4300 0.06655956352711911
4350 0.018853286651928695
4400 0.2944443981496785
4450 0.09801950573328433
4500 0.02993231425723149
4550 0.02289166147028817
4600 0.041012009556953166
4650 0.029927944987262527
4700 0.0381844384464612
4750 0.05159238476115988
4800 0.03481389623182972
4850 0.35808743775377694
4900 0.2550446352818658
4950 0.047261518202560845
5000 0.04066078491326314
5050 0.023211462542787234
5100 0.057132022984570305
5150 0.023039149438744112
5200 0.04622269380068232
5250 0.03395273620522215
5300 0.05235012107405432
5350 0.05681152156011911
5400 0.02303000984306763
5450 0.028165179328245735
5500 0.025741588400493592
5550 0.02615192836484376
5600 0.0334325214515204
5650 0.02426433795738893
5700 0.02502312301436372
5750 0.021165192200012933
5800 0.01995440865391713
5850 0.02875343024313555
5900 0.04743034040379276
5950 0.030791495176295727
6000 0.029945443869867035
6050 0.029360398126428083
6100 0.02951728825443232
6150 0.02926313984684527
6200 0.01922153324212235
6250 0.01629848407340035
6300 0.03504658107070961
6350 0.022992249862446825
6400 0.02057207554129968
6450 0.07022307272216592
6500 0.1187856542878487
6550 0.06433618526832058
6600 0.020451232764566472
6650 0.05054104682543352
6700 0.032105342507202504
6750 0.036869565371330834
6800 0.01990384153668504
6850 0.02153750982295937
6900 0.02178031183806769
6950 0.020914215576218823
7000 0.0198583240333518
7050 0.017028839807587313
7100 0.030193264522776545
7150 0.036163003858857255
7200 0.024777418441819254
7250 0.05416392727180565
7300 0.03824063324518371
7350 0.027452659726145384
7400 0.06348901605645216
7450 0.01923726786344802
7500 0.025240824900105034
7550 0.03938487283947319
7600 0.034406480050873954
7650 0.028933053774194743
7700 0.04647186495176435
7750 0.015877656878726713
7800 0.016758730482785023
7850 0.028298864018364744
7900 0.0551231644255679
7950 0.05085230545768398
8000 0.01944244204009201
8050 0.03000306614655882
8100 0.0583808877138114
8150 0.02657304590453677
8200 0.03690689194637205
8250 0.02051607673990728
8300 0.06556503971550195
8350 0.017197011180019036
8400 0.0396080388987107
8450 0.08301924054142906
8500 0.06247992178150674
8550 0.04837485099707978
8600 0.02028096612235986
8650 0.021645666536729075
8700 0.06530357553289481
8750 0.04838002627985171
8800 0.017732230926291084
8850 0.030075951035238673
8900 0.01833857620659322
8950 0.03607376801766844
9000 0.01875327983513594
9050 0.04743507723252425
9100 0.032707344941073
9150 0.09014205087245505
9200 0.04219924264766152
9250 0.02685601184867914
9300 0.10419091014476897
9350 0.06333586535949697
9400 0.022331238973272695
9450 0.16739034493220198
9500 0.034324031324995306
9550 0.03129915409187551
9600 0.08666188431123735
9650 0.03505652611279653
9700 0.03144169374732254
9750 0.024710082229169605
9800 0.03725101354140356
9850 0.08064837272206658
9900 0.07353435939861498
9950 0.04653661670742253
10000 0.02532217950184572
10050 0.017072308025227967
10100 0.03299630621547426
10150 0.018010019143584226
10200 0.04021194800495952
10250 0.02949863993876011
10300 0.019870273916340067
10350 0.03617918097644177
10400 0.019477714507887038
10450 0.022895680962579434
10500 0.04504469590960619
10550 0.019978165304518677
10600 0.02138223703654732
10650 0.021855837641398923
10700 0.020271737333886992
10750 0.035202963071402193
10800 0.025462412698571777
10850 0.04561604086878697
10900 0.018330298591595472
10950 0.01874188065492245
11000 0.07475078602904361
11050 0.01722665907960453
11100 0.04181669615821625
11150 0.06613686893802315
11200 0.019357524272751062
11250 0.07853928942680138
11300 0.05061936076686011
11350 0.04552278309978277
11400 0.04429418946780311
11450 0.019830809188814257
11500 0.04131314600496782
11550 0.03949845768965861
11600 0.02296335077882705
11650 0.018509831762823507
11700 0.020617072297051186
11750 0.039878508701238526
11800 0.06660707421536619
11850 0.058936545351352905
11900 0.03850503758925259
11950 0.04891313144744943
12000 0.08911666526181086
12050 0.024930865517136573
12100 0.023450178314496466
12150 0.05583646563717005
12200 0.022316700950129734
12250 0.04112035792612492
12300 0.013682485879333428
12350 0.018498928231996795
12400 0.01780318041249797
12450 0.0484424991625045
12500 0.021035767502969826
12550 0.02644974556472153
12600 0.04931194760117224
12650 0.041553163893795424
12700 0.058765861319621866
12750 0.04371516655776631
12800 0.012240327014108961
12850 0.03946956482022099
12900 0.017153005427246903
12950 0.047483146059682464
13000 0.01766123386536083
13050 0.04070113615304686
13100 0.014188221397065224
13150 0.0676744855710247
13200 0.030791355447705487
13250 0.010936970484359532
13300 0.01939398777669645
13350 0.012575862389449412
13400 0.04762672920467693
13450 0.04966730868687249
13500 0.04163819153757579
13550 0.03764784010573437
13600 0.02512980806623223
13650 0.0305269636198472
13700 0.015030241526531743
13750 0.05086396253766464
13800 0.017397770258887803
13850 0.020185497724459565
13900 0.04759990092641341
13950 0.06311169664873102
14000 0.028802100706514514
14050 0.010850108734861112
14100 0.02019579282393108
14150 0.043093326150061055
14200 0.04808861427064324
14250 0.0535429521609001
14300 0.011763023107625933
14350 0.016290538085267557
14400 0.07258209195955861
14450 0.04196718557999161
14500 0.04506832665434091
14550 0.013388451451262018
14600 0.022375603512568842
14650 0.030253357036473683
14700 0.027785321502437458
14750 0.058113876536118374
14800 0.029898590283060744
14850 0.010552480974942392
14900 0.012264863281746478
14950 0.04437992084772737
15000 0.02297326931623544
15050 0.024024106286987222
15100 0.017809210774753913
15150 0.03229143121272191
15200 0.02085134744308736
15250 0.02106776084841273
15300 0.03649106895078348
15350 0.017030652219653605
15400 0.04287191153163872
15450 0.021749862240510884
15500 0.03581898769745463
15550 0.026936561162348154
15600 0.01703361146810246
15650 0.012204801802540344
15700 0.03891443297737098
15750 0.07134815053580752
15800 0.022372462024195343
15850 0.01850039499989795
15900 0.03200340388500798
15950 0.016053524905932315
16000 0.032211676523022745
16050 0.05628861037714442
16100 0.04492056718535392
16150 0.019533132707917237
16200 0.019338489326975395
16250 0.021429426714758542
16300 0.02170887797097048
16350 0.013686209856206473
16400 0.04174994308490564
16450 0.0403755885697979
16500 0.013015136567144025
16550 0.029931196246190173
16600 0.06575165467451921
16650 0.02234015950394652
16700 0.016551094996972177
16750 0.02686570850758985
16800 0.03826735665233311
16850 0.05032275244456014
16900 0.013230515663718226
16950 0.013118653355406846
17000 0.02557606583134949
17050 0.02042615235525921
17100 0.032254057954272206
17150 0.048617791427679885
17200 0.019750409331140913
17250 0.0752860808907251
17300 0.04374537930831117
17350 0.021078370725033595
17400 0.012067093730506434
17450 0.036432062124500154
17500 0.02713310464717418
17550 0.018619546349300624
17600 0.03142482978277675
17650 0.02960766175929808
17700 0.06001377609705271
17750 0.037697712624934904
17800 0.04899620015671708
17850 0.07182419484902984
17900 0.012831067115819161
17950 0.02513891655524353
18000 0.042333435374993136
18050 0.029289155128644787
18100 0.04957058387316491
18150 0.011206351567515692
18200 0.06936075388218094
18250 0.01439785618044048
18300 0.01622063435110912
18350 0.057147278468752415
18400 0.008355773494587182
18450 0.01958274611837557
18500 0.011389497147993269
18550 0.010702730394261966
18600 0.01077315174751584
18650 0.013946804902472666
18700 0.011936012744648429
18750 0.02914560411085521
18800 0.03404104134355142
18850 0.019203396237353957
18900 0.022776581909319495
18950 0.048857793332101294
19000 0.04377600655367274
19050 0.0230670884382908
19100 0.014014338729099568
19150 0.0165259048402631
19200 0.015023185244451563
19250 0.032635407028420986
19300 0.013884431112329228
19350 0.02099305077278734
19400 0.01280434303428017
19450 0.11552996853402649
19500 0.020736490204104244
19550 0.03404119956950731
19600 0.037396851470346076
19650 0.024688835702222568
19700 0.026793558627078096
19750 0.024029804503568765
19800 0.009814169127116313
19850 0.008340970089039855
19900 0.01884071490237894
19950 0.040694190961664545
20000 0.011170846230601432
20050 0.02695611203793802
20100 0.038798878192442786
20150 0.008572158580124428
20200 0.04822866595891529
20250 0.051056995515112925
20300 0.03401925706915044
20350 0.016466191928930868
20400 0.0077073485869208844
20450 0.00835549172313812
20500 0.03055325880212144
20550 0.04771202614748973
20600 0.05913213864201398
20650 0.03158096373609663
20700 0.03951925368259496
20750 0.019357289599313942
20800 0.03151340920774365
20850 0.011881090884084719
20900 0.030065767269974543
20950 0.010910374225215368
21000 0.010979551512721088
21050 0.017361549165619224
21100 0.02549400150991795
21150 0.02184352424155557
21200 0.07848835522072434
21250 0.02122535786744954
21300 0.017388504667076945
21350 0.018900532594431096
21400 0.023873206966998045
21450 0.013341973786070103
21500 0.016298083876110613
21550 0.031832888599819614
21600 0.027864367101221404
21650 0.03049541707041649
21700 0.020925118486370214
21750 0.021263320061788715
21800 0.019454685866868843
21850 0.026489379712287875
21900 0.04213932663952195
21950 0.03198496821629498
22000 0.03680326358045203
22050 0.027092157625642096
22100 0.04075427822052201
22150 0.04964127542501693
22200 0.0129825443844901
22250 0.02444887681800105
22300 0.028771028534270347
22350 0.0307091908148707
22400 0.03533852228530651
22450 0.010798850623229871
22500 0.008851489177231312
22550 0.02962197852716961
22600 0.010528388395381434
22650 0.04595729687138522
22700 0.026202125643392058
22750 0.03332634994580183
22800 0.015302583121609096
22850 0.03959610204998374
22900 0.008786103318816992
22950 0.036719488436454666
23000 0.01393592996524489
23050 0.05300387008900134
23100 0.0381127563751722
23150 0.00870075321228395
23200 0.013651430581210516
23250 0.012736989147259304
23300 0.017244549053772536
23350 0.011681581425043639
23400 0.011925253841824758
23450 0.010854382900372272
23500 0.02806657604927147
23550 0.07429470547216023
23600 0.01675256188838933
23650 0.02472185503434868
23700 0.010815091473495646
23750 0.02875045780945679
23800 0.047509743395635684
23850 0.016941520856835757
23900 0.011990031251406552
23950 0.0559286363535874
24000 0.02459948549983423
24050 0.027574276726168672
24100 0.02194085281025582
24150 0.018573947481450814
24200 0.03173630368101396
24250 0.04024928364804366
24300 0.024997268920673815
24350 0.06982164348499004
24400 0.09015436558587771
24450 0.013706195177382332
24500 0.011805666642946645
24550 0.027798601852569386
24600 0.06733535109729592
24650 0.011209216175025936
24700 0.011463015454148729
24750 0.04025730362004693
24800 0.06399606461877351
24850 0.013116256300080526
24900 0.03203927160595292
24950 0.017733269085046337
25000 0.016292418521864496
25050 0.022957598862799702
25100 0.031194398479825025
25150 0.031162619467397935
25200 0.013285534233367485
25250 0.013952027903388587
25300 0.018060093347596243
25350 0.015644693999682255
25400 0.023341915348674223
25450 0.010340199125895337
25500 0.012258761870839142
25550 0.013538765235261303
25600 0.01320687130285767
25650 0.016397637998812813
25700 0.023628042420373967
25750 0.009734981014093872
25800 0.013774274551042782
25850 0.02682082009519112
25900 0.014045982967820649
25950 0.018218497108106923
26000 0.058597565476326836
26050 0.061406182041828294
26100 0.03663299441242681
26150 0.022510274510250887
26200 0.05996605349545067
26250 0.04714741992402411
26300 0.05676112634440563
26350 0.05481383835966437
26400 0.0445396912775734
26450 0.03191380615279172
26500 0.01598864882495596
26550 0.02069297390046726
26600 0.018693387882789125
26650 0.027942271805332784
26700 0.02722478866846818
26750 0.022079235007333137
26800 0.03233840612108666
26850 0.028480496878657283
26900 0.027392346530195323
26950 0.013813712351481468
27000 0.008711337483173216
27050 0.007733829177453525
27100 0.01023662127122994
27150 0.0077212375207582045
27200 0.00999913093941968
27250 0.01297926934246961
27300 0.006757234094009068
27350 0.027022557718490207
27400 0.024879979987612977
27450 0.0402483996189017
27500 0.011724958444302328
27550 0.025163518456723283
27600 0.008950657800891385
27650 0.00942398096880096
27700 0.009329874898246522
27750 0.02800980498627375
27800 0.015287553595662815
27850 0.027079591629613806
27900 0.012017544046930671
27950 0.02213062100655438
28000 0.009298567824381777
28050 0.022120035153314645
28100 0.021205420246010194
28150 0.009623425721288015
28200 0.03171593234841606
28250 0.047680994275986356
28300 0.012047852826409569
28350 0.0165305210363698
28400 0.01667781972834171
28450 0.011173214952952976
28500 0.011476128583027809
28550 0.017737922506270577
28600 0.01171772434784499
28650 0.011202029891510402
28700 0.039581977458633656
28750 0.007710692911852754
28800 0.021045479324614407
28850 0.01958405464768097
28900 0.045168177899354615
28950 0.04854849445638222
29000 0.032081319878309714
29050 0.014894181585641236
29100 0.01796010357688341
29150 0.016858619119296328
29200 0.02017158507938326
29250 0.026991329958713523
29300 0.01749372637187683
29350 0.020592400526139146
29400 0.034167281393049795
29450 0.00788163417393494
29500 0.031061137986226346
29550 0.04758338875517271
29600 0.0834658315106925
29650 0.07249360560536403
29700 0.0770545331219827
29750 0.0611720898915177
29800 0.04191093185880619
29850 0.046004576160616414
29900 0.04138037353677289
29950 0.0427037610396211
30000 0.05052337471226117
30050 0.03272107239881669
30100 0.03025284827220263
30150 0.025100582089459002
30200 0.009482244133389762
30250 0.014067517286632025
30300 0.008880151181448687
30350 0.031835919131086986
30400 0.031603899731058364
30450 0.03384017498888968
30500 0.03319446936340294
30550 0.013152463378320736
30600 0.006227367594092081
30650 0.034695669756590254
30700 0.03745722645716591
30750 0.026128468449680965
30800 0.014485292031152435
30850 0.01000114126154768
30900 0.011448177120653439
30950 0.0076016967623335815
31000 0.013019554609377707
31050 0.014006712009719053
31100 0.008641602366632282
31150 0.011019709955703172
31200 0.024286224879847062
31250 0.028535897058544948
31300 0.026116245341271854
31350 0.01863310230386424
31400 0.008063301171930735
31450 0.006629077159032478
31500 0.013874694949759882
31550 0.013608200636781668
31600 0.02710132314448234
31650 0.03550361450192008
31700 0.033082532937039104
31750 0.03469476138525515
31800 0.05716320479156923
31850 0.04002411640798338
31900 0.02919557459502737
31950 0.04235022120479503
32000 0.022643864320382654
32050 0.02359869263243988
32100 0.007476198405083087
32150 0.005939065298762662
32200 0.006355935374993367
32250 0.00878182889705986
32300 0.009390856062262632
32350 0.006367356857354301
32400 0.006498521892902953
32450 0.015824767726425375
32500 0.038454699137371345
32550 0.03246988210763577
32600 0.010326618599647674
32650 0.006295404605680523
32700 0.007818861212798475
32750 0.008044894802842276
32800 0.009983136522951672
32850 0.011805815055587851
32900 0.013377794299806327
32950 0.008064987432787446
33000 0.011605777337928141
33050 0.009968195755721559
33100 0.03144221143304749
33150 0.05386617761334497
33200 0.05045970750836349
33250 0.04380058225480051
33300 0.03915137665013661
33350 0.016158388925859513
33400 0.010838998605414422
33450 0.012708528603800468
33500 0.006811939962356995
33550 0.015076199414896886
33600 0.012081805213784267
33650 0.007461449425478866
33700 0.014302429233631644
33750 0.007185540569830273
33800 0.026043233828589
33850 0.03857327893980417
33900 0.02162252467539644
33950 0.008822326742545723
34000 0.005990374488797672
34050 0.005572822172391277
34100 0.00754263324403349
34150 0.00738651560518033
34200 0.013171554759557875
34250 0.014460064487816348
34300 0.010369153189163318
34350 0.00842713583589186
34400 0.007032360469133669
34450 0.01131453196065236
34500 0.0075454498155187654
34550 0.006268988032645403
34600 0.015091852242464794
34650 0.025793478933188105
34700 0.025022524461584695
34750 0.027386261913830808
34800 0.009824415428302516
34850 0.007403775720618406
34900 0.010927292633675329
34950 0.011496386166785107
35000 0.01122345124831489
35050 0.007587301981654079
35100 0.010169140166774636
35150 0.01274089022460065
35200 0.015672205099358596
35250 0.013819688645895554
35300 0.014354438953418794
35350 0.010211053540701225
35400 0.011313792274292783
35450 0.010588308265721092
35500 0.006130794375128602
35550 0.0054324392063805245
35600 0.007039864491469485
35650 0.006062794699065744
35700 0.005527252034402379
35750 0.0063259338379065165
35800 0.00570605781578082
35850 0.012798703206253719
35900 0.016392420553366926
35950 0.00664839507366469
36000 0.008422027422686069
36050 0.005650726377486338
36100 0.010100754730210179
36150 0.009963469320330853
36200 0.011358035339594735
36250 0.024532917685655235
36300 0.025853501736088042
36350 0.023343034221248376
36400 0.026972806721903192
36450 0.030886181855267255
36500 0.022313205593446017
36550 0.020462813835578336
36600 0.026282132413303457
36650 0.028396237966898004
36700 0.023598075630990627
36750 0.020676874203745223
36800 0.029635657893411948
36850 0.03930866584381688
36900 0.03265748278078237
36950 0.023151372412128626
37000 0.011922493153466345
37050 0.00856393059336003
37100 0.01077968137395994
37150 0.013845816217440283
37200 0.015739301736135677
37250 0.008100977031992673
37300 0.008248614121529033
37350 0.006814055246651527
37400 0.008520749003079685
37450 0.01343817384782686
37500 0.016136033997780002
37550 0.012548639107703985
37600 0.0134693115045457
37650 0.00533595118411621
37700 0.00710567164618515
37750 0.014904320609308502
37800 0.01356234899561764
37850 0.01651071314205513
37900 0.011808589023214867
37950 0.012078536982473274
38000 0.011133389739382375
38050 0.005620763500110909
38100 0.006067743216079575
38150 0.02553891992588967
38200 0.025408594993413632
38250 0.0296239017785352
38300 0.019331426095263577
38350 0.015388330946423334
38400 0.01735876361949951
38450 0.021573385471165878
38500 0.026299736725713157
38550 0.022746706591378906
38600 0.018876470462307334
38650 0.019179751557314093
38700 0.010493218223664615
38750 0.01097276596894249
38800 0.010485034239000724
38850 0.010073841407594644
38900 0.006660578086247193
38950 0.013316639579153716
39000 0.006144874107864365
39050 0.0073346937502609426
39100 0.008758562026821303
39150 0.012329835194313238
39200 0.015268460397676683
39250 0.00820607388883998
39300 0.009148671136806452
39350 0.018394665926295038
39400 0.00888072399909775
39450 0.01443865334053885
39500 0.005217953607030761
39550 0.0074034283262266205
39600 0.010251216563549648
39650 0.00845730182307619
39700 0.0062712990188149385
39750 0.006204335547311832
39800 0.00609924452713307
39850 0.006532096904462659
39900 0.005549951082808491
39950 0.013110731424870943
40000 0.006511707489494874
40050 0.004593591201938147
40100 0.005950422429589166
40150 0.005229637510370212
40200 0.005829510340444547
40250 0.005758934171152701
40300 0.004753149431104561
40350 0.005299844933205223
40400 0.004402745773833369
40450 0.005407079395440606
40500 0.007492305570871652
40550 0.009895807599292757
40600 0.013452059410023606
40650 0.011811148656499614
40700 0.005752421328171769
40750 0.00527986000105022
40800 0.00704542917150664
40850 0.00564913682172202
40900 0.004982901047653025
40950 0.005918099278612917
41000 0.006765345391963127
41050 0.006271420861065037
41100 0.006102425427615834
41150 0.006897138873152154
41200 0.005580994800058019
41250 0.005326362297346466
41300 0.0052047933442369064
41350 0.006192245319211378
41400 0.005001253160174528
41450 0.0063529747717500345
41500 0.004442262245898015
41550 0.0053674456267590355
41600 0.00624420542012259
41650 0.009537428650336272
41700 0.00985167419102742
41750 0.011802634207477675
41800 0.013655305990485167
41850 0.011704354594039849
41900 0.008872140838969679
41950 0.008156641873683824
42000 0.0075689684015532825
42050 0.009560227383022353
42100 0.011945577339973588
42150 0.012919761299239501
42200 0.008828522955577844
42250 0.008732099488810995
42300 0.012264231150003205
42350 0.011412392311283116
42400 0.011522270171349061
42450 0.011541152022796021
42500 0.010035431420792757
42550 0.010128739014015262
42600 0.006294421517663769
42650 0.00610210664430523
42700 0.008677032015359848
42750 0.014791720649746733
42800 0.009002856381384013
42850 0.00886869572872992
42900 0.010696171374628503
42950 0.007547070092886713
43000 0.00574215606297262
43050 0.005299171052341967
43100 0.005333982819275511
43150 0.00606380178309264
43200 0.006439290766327754
43250 0.01092956388279486
43300 0.008288926581742205
43350 0.008260323924044749
43400 0.009317147381779935
43450 0.008413316869884164
43500 0.011185663321447707
43550 0.008538800887777852
43600 0.01180981786720849
43650 0.008808388441108565
43700 0.005444383923322302
43750 0.005117388672494532
43800 0.007597490751396331
43850 0.006696510092209086
43900 0.006227557916539195
43950 0.005536418173496931
44000 0.004899249957510181
44050 0.006124256540744543
44100 0.00545911390429218
44150 0.004623083764810032
44200 0.004992956665798456
44250 0.005462229035769161
44300 0.005888211018397171
44350 0.005516959533040413
44400 0.007865542783104609
44450 0.007177695399458523
44500 0.005956790704408512
44550 0.005134559396059261
44600 0.004786998940287333
44650 0.00803776102420047
44700 0.005380720730138509
44750 0.007282057560158294
44800 0.008767816101109577
44850 0.005968088522431394
44900 0.004964589883079699
44950 0.005489898406922906
45000 0.00683999070337003
45050 0.005860944911830485
45100 0.00545347207860629
45150 0.005911250618981412
45200 0.005997461779401395
45250 0.006046888409258222
45300 0.007325379948450201
45350 0.007736798325550399
45400 0.008356338698265726
45450 0.0071232964958415764
45500 0.006956492151813084
45550 0.00746203106908914
45600 0.009544816928059143
45650 0.009500848411238966
45700 0.00792905064182243
45750 0.00761382696881215
45800 0.008276106987073267
45850 0.007285548676505082
45900 0.005718282674736902
45950 0.005821885906726881
46000 0.006863266729598521
46050 0.009345511630397301
46100 0.010730854371580665
46150 0.012064932263668102
46200 0.011653248682799747
46250 0.01022082593841528
46300 0.009429478665952402
46350 0.009733447799634235
46400 0.009853529276223462
46450 0.009536761215490294
46500 0.01050876385236127
46550 0.009712075333732684
46600 0.005916477942699943
46650 0.005432748792434678
46700 0.005769108263874449
46750 0.005330877573387611
46800 0.004901235172357248
46850 0.006049751442514119
46900 0.00504162444467804
46950 0.005716282803805115
47000 0.005470909845862099
47050 0.005773448788943442
47100 0.009021096622179458
47150 0.009936804630750766
47200 0.010025460310292894
47250 0.00940937332300772
47300 0.006480120950961885
47350 0.0056115030102927834
47400 0.006064503348061517
47450 0.004793488246265097
47500 0.006299386726643724
47550 0.006750630779496432
47600 0.006512539629221862
47650 0.005766417656227089
47700 0.005536236516183834
47750 0.005436338642882868
47800 0.005512572142261474
47850 0.005605219309704807
47900 0.005378935814586177
47950 0.006366003087776755
48000 0.00554941958676345
48050 0.006467143161168112
48100 0.005934107995138102
48150 0.0069999657081551165
48200 0.007322811866705861
48250 0.009162095805619873
48300 0.007466243451076531
48350 0.008608934341126471
48400 0.007863474898264309
48450 0.00869899614293543
48500 0.007111513482066006
48550 0.00926296533603266
48600 0.007764453171484367
48650 0.005652100556315248
48700 0.006754983207551477
48750 0.008108965316836705
48800 0.009058645720471862
48850 0.006407753885797827
48900 0.00519385259213375
48950 0.005377868037845386
49000 0.005458938146187225
49050 0.006054033965057415
49100 0.005467514755077165
49150 0.005453846628012722
49200 0.006574307761195055
49250 0.007018936085798117
49300 0.005041374524450672
49350 0.00919374678580522
49400 0.012747056366953825
49450 0.010546836186595765
49500 0.012416118765980883
49550 0.011952287447710205
49600 0.011518360202578844
49650 0.011318922516320024
49700 0.01027433953357471
49750 0.008183678316290806
49800 0.005922878802484213
49850 0.005844302963488022
49900 0.00555482857965615
49950 0.0046370718220085224
50000 0.005231104192439601
