50 1.0111743811773857
100 0.988626239113037
150 0.9894034269975684
200 0.9895589414353995
250 0.9891224637539532
300 0.9884144622890145
350 0.9888460327601153
400 0.9878447573244562
450 0.9865613643717905
500 0.9856672355831141
550 0.9842942758443212
600 0.9830458433988347
650 0.9813194589571768
700 0.9781107299993024
750 0.9774608313163851
800 0.9732612579495439
850 0.9703337608794522
900 0.9653924975678221
950 0.959359498806454
1000 0.9509807236966842
1050 0.9399142816282486
1100 0.9264082218312281
1150 0.909325283848611
1200 0.8865006300786874
1250 0.8540495792935242
1300 0.7964012055076638
1350 0.7202588971565221
1400 0.5940451021167373
1450 0.5064653675223892
1500 0.3501989867239304
1550 0.31672985697614764
1600 0.22871079407595
1650 0.22875266553383677
1700 0.1584214136624195
1750 0.26556084464309426
1800 0.23391279166730825
1850 0.1632070760569238
1900 0.13250822214176974
1950 0.11876407659881141
2000 0.10184460028733613
2050 0.1068056830722408
2100 0.10000445280172013
2150 0.0817862035543195
2200 0.09858114918662986
2250 0.08965307820314942
2300 0.08589902932910856
2350 0.0811340639297131
2400 0.05167342880558425
2450 0.10701177746627201
2500 0.06686320807187537
2550 0.047100037069967474
2600 0.13280007468742042
2650 0.08609799294819329
2700 0.06307564232823823
2750 0.05212168826290727
2800 0.0803709295878629
2850 0.17638110302870108
2900 0.08405886778061836
2950 0.057306865031067994
3000 0.04975806086990787
3050 0.044952127900245574
3100 0.04492467220676354
3150 0.03791733549601842
3200 0.05076636572390629
3250 0.04547710705115105
3300 0.11639601004845748
3350 0.05804074689731376
3400 0.05866027929774395
3450 0.05531727521400267
3500 0.05190296417451448
3550 0.06336497738096632
3600 0.07828696722632408
3650 0.08977897110249636
3700 0.044614138591064
3750 0.030655991529225306
3800 0.09669532540880932
3850 0.09556378960782815
3900 0.03734005561369943
3950 0.03940206940376856
4000 0.03234668350710352
4050 0.047690546568173585
4100 0.04652473251127077
4150 0.04763433896340396
4200 0.10433580857401668
4250 0.06700623155112777
4300 0.053602030387756426
4350 0.06730923526372255
4400 0.05013995323659697
4450 0.03380538484857453
4500 0.041050245571032144
4550 0.04385347968598567
4600 0.033531737461080596
4650 0.18374198834101688
4700 0.03760709907710971
4750 0.045912605455802225
4800 0.0820414767776504
4850 0.040007271835533105
4900 0.031107724949349026
4950 0.06171051707058203
5000 0.0317797009929555
5050 0.053615864927398456
5100 0.029768786443848443
5150 0.027912032741236846
5200 0.039478895224898516
5250 0.02833567074756564
5300 0.04167609725916897
5350 0.030762770431956164
5400 0.032046598448667286
5450 0.03313843997748863
5500 0.0346996591468286
5550 0.032484717105994
5600 0.03943607644971738
5650 0.02976023478584558
5700 0.03554288649230293
5750 0.031076695509458314
5800 0.09284297766562025
5850 0.0721184630047273
5900 0.049355189391955046
5950 0.04004322990585315
6000 0.031340536010428986
6050 0.08810799592337175
6100 0.04580428199434256
6150 0.03231074443389988
6200 0.03391499972132217
6250 0.09517685740470681
6300 0.11786815974624772
6350 0.03433601883161643
6400 0.03858355907139998
6450 0.0380044472807281
6500 0.03330603936714602
6550 0.030034282347531385
6600 0.030631473223914418
6650 0.0315893934384951
6700 0.05238741131636405
6750 0.040959965399075884
6800 0.04370235389391876
6850 0.02813345545872952
6900 0.03211882096657934
6950 0.05473593577590055
7000 0.03214540242552309
7050 0.08192925933431659
7100 0.0774579781656285
7150 0.028966544956301098
7200 0.03668510210529863
7250 0.03221820512028668
7300 0.0369160404457898
7350 0.047309932016462546
7400 0.06920696048961246
7450 0.04124437664681113
7500 0.06323509611361668
7550 0.0648227552048085
7600 0.053426314906710785
7650 0.03666867289597917
7700 0.04824241460764737
7750 0.04557546109799673
7800 0.03630319823947493
7850 0.05869829184372505
7900 0.03004425217326499
7950 0.03623029699969384
8000 0.03389824669753472
8050 0.0748511022491499
8100 0.02758466135871489
8150 0.02719402597951462
8200 0.06036409432892408
8250 0.03458203552337368
8300 0.028510781330422952
8350 0.029476503657281643
8400 0.056379585721001255
8450 0.037776108155602076
8500 0.039566970131147974
8550 0.06882714883378194
8600 0.02572191094444231
8650 0.05292418744272486
8700 0.03211334736125739
8750 0.04787874330087924
8800 0.05367665133085092
8850 0.04742011781159465
8900 0.05649439938607205
8950 0.02611801505169527
9000 0.02727356341503647
9050 0.05261284325724728
9100 0.06470808353140887
9150 0.03458262891054802
9200 0.03653230439632457
9250 0.02924212389444289
9300 0.05892712705924703
9350 0.02860023812971046
9400 0.04414190694897076
9450 0.0475607422438704
9500 0.05813316035961229
9550 0.059165656195904366
9600 0.09000100640080753
9650 0.037928414092246794
9700 0.044513299203822965
9750 0.06763607023101784
9800 0.04690585189884021
9850 0.054808084802506304
9900 0.02924221373820731
9950 0.02518868096277788
10000 0.026332903827536457
10050 0.03421997586030129
10100 0.0482442370657285
10150 0.024926880782535323
10200 0.04463243336344306
10250 0.061809581451187715
10300 0.026270920582373073
10350 0.02773237919699461
10400 0.04708692657469311
10450 0.042782874089876965
10500 0.030320697689770783
10550 0.05010942717836088
10600 0.028734041007450768
10650 0.03459881020476044
10700 0.04868666551744975
10750 0.028619041085340274
10800 0.03755986372267786
10850 0.033587582927154386
10900 0.030606913807911282
10950 0.03440325795740183
11000 0.06480296385581023
11050 0.03572063200945317
11100 0.04873004693348154
11150 0.05204568479603488
11200 0.025381965023765225
11250 0.07249684302853074
11300 0.02581787443811466
11350 0.059811569631661426
11400 0.02770091253807359
11450 0.033783012174505064
11500 0.08359054129861658
11550 0.029697357707832408
11600 0.03420536081289441
11650 0.04167219805316877
11700 0.028680801052780487
11750 0.06976990687299477
11800 0.029467435076312592
11850 0.03485387683791693
11900 0.026318887036358186
11950 0.05626154344522448
12000 0.04185549982551615
12050 0.05774968468442685
12100 0.06431257192663174
12150 0.03215668237149253
12200 0.05457247380755675
12250 0.030451771678657244
12300 0.051636754361743
12350 0.03076636840121643
12400 0.0444826899662737
12450 0.033857743274207895
12500 0.027848624369225666
12550 0.02623600414906008
12600 0.026408730779412908
12650 0.02396419763910406
12700 0.05216842936177202
12750 0.030517945196332667
12800 0.041678075635760876
12850 0.026572876514155682
12900 0.024286232520140425
12950 0.024284126465051976
13000 0.02469378610768623
13050 0.05993671475925065
13100 0.03840968148039284
13150 0.036597368394483146
13200 0.03102088522132512
13250 0.03606956278573269
13300 0.026068001288779397
13350 0.03205905540169847
13400 0.02594334709073093
13450 0.0281999055674954
13500 0.02456453310738712
13550 0.02629632025819735
13600 0.03745127367609233
13650 0.06957515028715176
13700 0.024444091414195363
13750 0.022000482029173273
13800 0.03763159524965391
13850 0.08709060895526036
13900 0.03229674731811872
13950 0.02675752342693487
14000 0.056735913602356934
14050 0.06427418563278901
14100 0.03184357342076748
14150 0.03311479381394999
14200 0.02251437093241419
14250 0.04332021665952401
14300 0.033628965209063506
14350 0.03613966125886867
14400 0.03965703726512431
14450 0.06729756381051412
14500 0.02523379330440635
14550 0.024761465590316757
14600 0.037590701176929635
14650 0.04264836308861759
14700 0.036265110206427684
14750 0.04213580709962519
14800 0.06928390499745472
14850 0.04700568056679467
14900 0.02765786177307292
14950 0.0280806681197705
15000 0.02435278659826434
15050 0.028875816569219944
15100 0.02108072616957027
15150 0.02886679580720513
15200 0.02470036951938344
15250 0.031794140376437297
15300 0.02413688576963181
15350 0.023452196392274176
15400 0.02189008109863272
15450 0.03120116476848774
15500 0.02463287423681031
15550 0.027869314423300245
15600 0.07475633697592038
15650 0.053800378946334215
15700 0.021505722149976845
15750 0.03270008248920971
15800 0.03011138523795758
15850 0.025091723773926915
15900 0.03119707263409215
15950 0.032018954043085524
16000 0.023120668467308293
16050 0.024831169336792892
16100 0.0241234383450262
16150 0.03275242304098486
16200 0.05390580114408535
16250 0.027251213421925193
16300 0.034035078963209155
16350 0.04267325845322618
16400 0.03214320858900416
16450 0.039663401903819874
16500 0.05632058921172025
16550 0.021602838487571503
16600 0.02505309306961972
16650 0.021082468392221172
16700 0.05324163427534336
16750 0.030127394294252072
16800 0.0244529986101444
16850 0.05868312064496955
16900 0.04122638587650566
16950 0.05151005220339105
17000 0.028315476078544947
17050 0.040646171361267115
17100 0.039707941564340106
17150 0.03563743063912811
17200 0.022780833405122974
17250 0.03191685399245839
17300 0.0417215296374538
17350 0.047461207385985485
17400 0.033009672259285666
17450 0.044787602496844006
17500 0.018525950940879898
17550 0.03484724406945348
17600 0.03929214508767409
17650 0.02980808228727663
17700 0.02063778395131042
17750 0.05223978052612872
17800 0.02995319738088972
17850 0.022884522582787316
17900 0.03933589867277228
17950 0.051059005703811805
18000 0.03967426661350719
18050 0.03488944055570316
18100 0.031366493313492026
18150 0.04506660571808405
18200 0.024848976995714485
18250 0.020525713620672268
18300 0.038054482106800375
18350 0.05701059079217377
18400 0.0294732954823143
18450 0.02411988402678012
18500 0.041958027065269944
18550 0.030706890115029327
18600 0.03519932974436989
18650 0.05266616478655291
18700 0.05534496867337818
18750 0.024879469746781586
18800 0.03177586523464585
18850 0.020612650807098527
18900 0.024757922080531864
18950 0.03641371350116853
19000 0.03369556223744515
19050 0.05507658459900007
19100 0.07455982575059034
19150 0.02175714233859271
19200 0.019187987480211055
19250 0.02665660304294666
19300 0.020543790371427666
19350 0.019707817709010377
19400 0.029741123727223203
19450 0.026564512298778306
19500 0.021098085095629906
19550 0.0243042793263568
19600 0.046643569945456126
19650 0.04903223659812293
19700 0.026546258282153182
19750 0.02921121005352451
19800 0.03511915374013418
19850 0.06759140992140299
19900 0.025001861244485633
19950 0.03440556859745628
20000 0.0650420032586373
20050 0.06581215475700827
20100 0.059815617954774414
20150 0.021698917156853677
20200 0.01926758302806471
20250 0.018617938002141086
20300 0.02145091706718473
20350 0.03128186077675727
20400 0.02314309296272885
20450 0.027228277680124806
20500 0.02601453233765903
20550 0.029743558168809258
20600 0.02942085378841817
20650 0.018030996107674974
20700 0.02209745015853006
20750 0.022072824205242897
20800 0.030299439213776858
20850 0.021595751238728478
20900 0.02932952640486331
20950 0.023874523261183153
21000 0.01996188762751143
21050 0.03548911492326228
21100 0.04169711738955095
21150 0.027821775670417163
21200 0.03550301381820428
21250 0.05509247268532274
21300 0.06923235786672027
21350 0.05172620298920916
21400 0.018361147253265497
21450 0.03570526155086933
21500 0.05695083954291875
21550 0.053258644706055444
21600 0.051224997494082485
21650 0.04722583972156785
21700 0.040536675968281914
21750 0.019714096241442436
21800 0.030781457522312844
21850 0.048031366418649316
21900 0.05939622296112644
21950 0.02117451294527308
22000 0.025559987053442815
22050 0.033770532080652456
22100 0.021895136452617783
22150 0.045844874339105175
22200 0.029392204690158887
22250 0.026487295018699744
22300 0.06081771811823743
22350 0.026249958680095192
22400 0.01833458908367974
22450 0.041571541518926176
22500 0.024857449911541568
22550 0.01936352728644128
22600 0.030472496887637462
22650 0.01663685438230022
22700 0.040040602957146544
22750 0.049964529068157265
22800 0.03137334343850455
22850 0.030219989944431577
22900 0.025014118017999278
22950 0.021175102425161504
23000 0.021832278202137394
23050 0.02045521014204276
23100 0.021789686301187522
23150 0.022383336889467736
23200 0.02491263435110747
23250 0.020966463152749887
23300 0.030426112211760406
23350 0.021806419186625115
23400 0.01992463575335908
23450 0.020975563358299424
23500 0.04139263698123394
23550 0.03413245324980612
23600 0.025687951768743965
23650 0.018042855559832517
23700 0.03167119630626157
23750 0.049121976939306734
23800 0.03234536251836207
23850 0.02945752136345626
23900 0.02014573181382315
23950 0.017071515711738556
24000 0.02070619307484623
24050 0.0208152040941784
24100 0.031230102598103878
24150 0.017893957093598416
24200 0.04202107891061318
24250 0.059424867028037454
24300 0.04045047223119196
24350 0.02622269984564801
24400 0.0201716563782964
24450 0.016915490852889337
24500 0.016664489982182305
24550 0.041383048332838374
24600 0.03280634863091644
24650 0.027693075708283024
24700 0.01751463789307183
24750 0.028962157569637735
24800 0.02174260097041118
24850 0.036947608577643766
24900 0.028937078047166994
24950 0.03233191162598862
25000 0.026285741413277684
25050 0.036722496992498604
25100 0.03390588635873996
25150 0.04429140712591402
25200 0.03991116882808604
25250 0.03851289707569451
25300 0.028225604346846903
25350 0.03404481319990674
25400 0.02161004297084093
25450 0.021648075383119556
25500 0.017409077028912655
25550 0.01873341273239978
25600 0.02470551869359473
25650 0.018738375459117256
25700 0.02802221931178475
25750 0.035713075355151856
25800 0.019051106484990282
25850 0.018391296334872468
25900 0.021938889772414785
25950 0.01962685815292401
26000 0.01659115725464094
26050 0.0243902989366449
26100 0.017151753143213624
26150 0.01733672629282275
26200 0.014299778515612156
26250 0.025064306207923253
26300 0.046457054354722596
26350 0.06075997832305819
26400 0.03271206368695947
26450 0.024270065734460583
26500 0.01752544509186861
26550 0.02656701491787295
26600 0.016170222372870455
26650 0.02586160220925611
26700 0.021344597465741733
26750 0.04426069210557457
26800 0.03371801411114514
26850 0.01712831547629728
26900 0.016202002201448646
26950 0.014466384853626496
27000 0.02708385903028028
27050 0.02889194266430085
27100 0.017792699197636142
27150 0.01984024421985046
27200 0.022965835722983257
27250 0.020861545844183586
27300 0.021792134833133706
27350 0.020601548947579734
27400 0.023496459550602696
27450 0.016420815982571547
27500 0.024726770402263384
27550 0.017886832358072476
27600 0.019044609168345848
27650 0.025096197302155877
27700 0.021178669894774352
27750 0.015993370774358324
27800 0.04551754142531958
27850 0.02217997855289782
27900 0.02483483567587549
27950 0.017727910389917164
28000 0.019615837833823018
28050 0.01869500592039652
28100 0.021978641239126843
28150 0.0186077580328198
28200 0.019384973583330068
28250 0.02559550297150458
28300 0.02234749117220791
28350 0.018787978591896088
28400 0.018653676582098665
28450 0.022576696412977198
28500 0.031768050582193834
28550 0.018777560699733048
28600 0.01804599301478816
28650 0.03414541265722435
28700 0.028774595243960505
28750 0.02190456098872034
28800 0.01947740810697622
28850 0.030956100632708608
28900 0.027074564079528046
28950 0.03155319834327684
29000 0.02889486610586107
29050 0.01830590909227696
29100 0.016418725075528467
29150 0.018066595585086494
29200 0.020675344088387834
29250 0.03120397624086734
29300 0.023053675772820015
29350 0.024784137912434924
29400 0.021825199274383797
29450 0.036516948290810564
29500 0.03156595208818164
29550 0.03026076687845964
29600 0.03515028576050623
29650 0.028801446556686965
29700 0.02457714356942274
29750 0.04406304739030512
29800 0.026493120284078207
29850 0.01754828655568353
29900 0.021321644245392114
29950 0.019319845769837304
30000 0.015696534832544507
30050 0.026653437461981847
30100 0.01727517182507799
30150 0.01759167514139303
30200 0.01987105245029527
30250 0.019237162537518355
30300 0.019629554490878758
30350 0.029863240544424196
30400 0.03698860808037951
30450 0.034282999414114314
30500 0.02729936753286169
30550 0.027914820914940016
30600 0.044488880571388646
30650 0.02781800099984358
30700 0.030932910968124637
30750 0.03871351035115986
30800 0.028476451533169304
30850 0.017121508905266515
30900 0.025950207033480808
30950 0.03909383213123592
31000 0.029132245441782837
31050 0.016847213037509554
31100 0.01564220508491462
31150 0.01618008504550179
31200 0.017067086220030062
31250 0.025885965762580565
31300 0.021546258090504134
31350 0.016553617904739283
31400 0.015725927560433353
31450 0.018269010476005383
31500 0.01756825567431593
31550 0.01919989082428432
31600 0.02864048875080239
31650 0.020627331604003072
31700 0.022996580150778677
31750 0.01793310332594434
31800 0.016228148422817404
31850 0.01615464220520018
31900 0.017467488703446433
31950 0.016900717073891153
32000 0.017236128317462004
32050 0.018365434296029402
32100 0.018308284320785444
32150 0.016885704415021685
32200 0.015659689256158273
32250 0.022398972485875728
32300 0.020771808661115804
32350 0.015036021837848195
32400 0.016621542018429924
32450 0.023569172884068013
32500 0.017560738071075842
32550 0.01739088212223295
32600 0.027910511635869283
32650 0.016385043468620387
32700 0.017091470894342077
32750 0.020944505309888853
32800 0.017523984122659604
32850 0.02215425395086362
32900 0.016981794810906954
32950 0.01615038454749523
33000 0.020440785057010438
33050 0.01792806850428121
33100 0.02102542917414464
33150 0.01556323760725328
33200 0.017959599558960256
33250 0.016716229958886927
33300 0.016315233251698348
33350 0.017096927472965154
33400 0.016093634010989427
33450 0.017676161620883434
33500 0.015608484129301086
33550 0.017085372556951327
33600 0.018214255617088056
33650 0.021871201403877206
33700 0.022615627092559605
33750 0.023903818279799174
33800 0.029323921227415298
33850 0.023543554004788633
33900 0.03374708098523345
33950 0.033190552034363045
34000 0.034767374487212704
34050 0.023465069101579354
34100 0.017170766370555278
34150 0.01562871674188382
34200 0.03546791167239937
34250 0.030244774170626054
34300 0.04639245653841887
34350 0.03373183957394973
34400 0.024304223184737073
34450 0.022487801461818113
34500 0.020760185931133848
34550 0.02908362085134429
34600 0.02241191305326224
34650 0.018844983999961182
34700 0.023144199744191313
34750 0.017083324538798843
34800 0.016293562570633326
34850 0.02384306043033396
34900 0.029651318498769157
34950 0.024303180892521117
35000 0.02308798347744172
35050 0.02288908273310796
35100 0.027467050452506508
35150 0.017110972632644265
35200 0.019263562242003703
35250 0.01911902993444833
35300 0.018275245241485175
35350 0.01634040123406894
35400 0.015920996932634646
35450 0.015600188035591276
35500 0.017294014621643653
35550 0.01648788143341195
35600 0.015493197902594142
35650 0.016319321604027544
35700 0.01583193639333906
35750 0.0194748005518891
35800 0.021096551621615178
35850 0.015445479366286135
35900 0.013724936193675125
35950 0.01582365533134204
36000 0.015907705778492803
36050 0.01661833845100563
36100 0.02028818665111031
36150 0.016810964372127524
36200 0.01761514147368501
36250 0.01704091014148462
36300 0.01630915621211514
36350 0.014630569196753975
36400 0.01618963963620693
36450 0.015843719853037
36500 0.01604429530983897
36550 0.016218911582468246
36600 0.017318290816766196
36650 0.017828224876550534
36700 0.021459155800851587
36750 0.02458894768415793
36800 0.028767931163500435
36850 0.019171202184912046
36900 0.01970514524338448
36950 0.020510496795873728
37000 0.020325897251033752
37050 0.022782795074056412
37100 0.019713107557405147
37150 0.02304533864156337
37200 0.023705633023032812
37250 0.015722503141304817
37300 0.017759893527640916
37350 0.01468399926474004
37400 0.01564206730987775
37450 0.02022353477700899
37500 0.01995626366177658
37550 0.022424721143862375
37600 0.016231130126804837
37650 0.014932754448842109
37700 0.016887732715896643
37750 0.01943469143929536
37800 0.015775002090467134
37850 0.020271855343484604
37900 0.02424114278428697
37950 0.022169972459109764
38000 0.020682653629539582
38050 0.018260757558749355
38100 0.024273777072008767
38150 0.0341202696361442
38200 0.02885395206152372
38250 0.01730892636756686
38300 0.020989734949359684
38350 0.01723514842984297
38400 0.021596001365155874
38450 0.019834203626564746
38500 0.015506815025245372
38550 0.017008713717553255
38600 0.01510941455012932
38650 0.017876544745323766
38700 0.020660398533892548
38750 0.014932169209599703
38800 0.014837150689739126
38850 0.016749403646732282
38900 0.014671885108589267
38950 0.014894391754721676
39000 0.014946696331288653
39050 0.013549498348533693
39100 0.016185219072904003
39150 0.01518775492431491
39200 0.01602476914838822
39250 0.015144858908613733
39300 0.014180759016755964
39350 0.016563673696055565
39400 0.01666106371955802
39450 0.014120418664011161
39500 0.013058698295046299
39550 0.01648367302571413
39600 0.01917235402483862
39650 0.01557284308400331
39700 0.016598563572906174
39750 0.018560398793692253
39800 0.019619863803394297
39850 0.022189828369042985
39900 0.017389643764248792
39950 0.01453996732652543
40000 0.017468600711152586
40050 0.019958563062129165
40100 0.02715546425266912
40150 0.03156977567528833
40200 0.03242167876892386
40250 0.03353567935702023
40300 0.031503000475871866
40350 0.025594998932730137
40400 0.02776389891545602
40450 0.019895237250135776
40500 0.02344461842165497
40550 0.019420059812439473
40600 0.024738799119080165
40650 0.01920300947334362
40700 0.021801921364831767
40750 0.020998831925171418
40800 0.022737010096616384
40850 0.019410643171621736
40900 0.022748556778285127
40950 0.021519840379910945
41000 0.02026810381462754
41050 0.019993902588954122
41100 0.016761354362943234
41150 0.017388654006866813
41200 0.01397053144679537
41250 0.015796822055428195
41300 0.016587919027640695
41350 0.017918260129513464
41400 0.014686524959928948
41450 0.01572830298329792
41500 0.014964919869439585
41550 0.01654629989887792
41600 0.016466515319651827
41650 0.016281601165933943
41700 0.016978291613464175
41750 0.01617505186791072
41800 0.016098232442067525
41850 0.017417597409475655
41900 0.01817717433495318
41950 0.015187154355890652
42000 0.015337878847644324
42050 0.015509646253470032
42100 0.01655559991667282
42150 0.014684602275224137
42200 0.015128157627999505
42250 0.017838197605334276
42300 0.01712558878694819
42350 0.014331372440748455
42400 0.01891065130781823
42450 0.015242323872167597
42500 0.016257039614743955
42550 0.014392910105897222
42600 0.015702016213305407
42650 0.01872727359429644
42700 0.018513046493917735
42750 0.018893283486256168
42800 0.018810157344464624
42850 0.020597354093493454
42900 0.02170678591156195
42950 0.017361049376477374
43000 0.015326612653524311
43050 0.01954305028149117
43100 0.019045664830923625
43150 0.017498895898642817
43200 0.019379648443369382
43250 0.018027731302044016
43300 0.020138022523878862
43350 0.02118086041633526
43400 0.01769693458954794
43450 0.0189122350903344
43500 0.016697558629257137
43550 0.019051358397381465
43600 0.017664157784567463
43650 0.01535759752498067
43700 0.01723866980088626
43750 0.01606744062463628
43800 0.017033266321883563
43850 0.016015601902279367
43900 0.015895676928994112
43950 0.013361905765190132
44000 0.015073174914667734
44050 0.016784843785861137
44100 0.01532646372479005
44150 0.01306179068137446
44200 0.016269338240387413
44250 0.021291609419185453
44300 0.02013645206092142
44350 0.026516641772686766
44400 0.025999620196782997
44450 0.021396735897817477
44500 0.022169815656104184
44550 0.021147365658567716
44600 0.02080139810623523
44650 0.024869386766710713
44700 0.02214190390420615
44750 0.018906131025443203
44800 0.019306235172327307
44850 0.019871244522793433
44900 0.021943337563127937
44950 0.01836536651892411
45000 0.01612193745854442
45050 0.01734364877807845
45100 0.014157473908648183
45150 0.017559364118473697
45200 0.0183125247921965
45250 0.01752802522715498
45300 0.017571121111331554
45350 0.017553976806411423
45400 0.017431652466343123
45450 0.017870958429999924
45500 0.01803229378811903
45550 0.016801747653848682
45600 0.018696309235519574
45650 0.01658841701930336
45700 0.01549040369391111
45750 0.01601742452777641
45800 0.01749834860595854
45850 0.017822091191462806
45900 0.017220558332829816
45950 0.017296468152647654
46000 0.01826536803425952
46050 0.016596205503008075
46100 0.016695200020469553
46150 0.01964909087300607
46200 0.015623569787614332
46250 0.015029069566807893
46300 0.016628885107310035
46350 0.015679611215346105
46400 0.013391073713734554
46450 0.014313692833639553
46500 0.015559773677301419
46550 0.014880902112848886
46600 0.014750170986335664
46650 0.014869005732616368
46700 0.01511740703776711
46750 0.015063258523556996
46800 0.014011230101037154
46850 0.016271106188782056
46900 0.01588880544716352
46950 0.014700108800764014
47000 0.015284981428345
47050 0.0171037105093652
47100 0.017663753566053972
47150 0.015032444328452249
47200 0.01425229172020343
47250 0.015154346010598974
47300 0.014931075426213431
47350 0.016284546258826017
47400 0.016479597552814397
47450 0.016767400153818772
47500 0.014898361315197303
47550 0.014868236590363609
47600 0.013686800556351245
47650 0.01633508599953399
47700 0.013677515530369508
47750 0.014659739847530837
47800 0.015309731294857533
47850 0.015009635524294948
47900 0.016196131236456815
47950 0.016057616223810346
48000 0.015697200078666255
48050 0.014906573367868525
48100 0.015011576592452058
48150 0.014356032200185427
48200 0.014442545713762581
48250 0.01451220224426743
48300 0.015533146688623467
48350 0.015643716339598185
48400 0.016177988680309962
48450 0.01603323174177663
48500 0.015331158080363066
48550 0.01698001856396948
48600 0.016549593830486063
48650 0.01651587113840383
48700 0.016819705493988167
48750 0.016884435007833355
48800 0.016614273900549974
48850 0.019657612336193845
48900 0.019278370980263287
48950 0.018845968311302766
49000 0.016315416881372356
49050 0.01725581065044126
49100 0.015622888390401164
49150 0.015378984639676536
49200 0.02002169626156139
49250 0.0183453883980976
49300 0.016603557214290156
49350 0.015348248454642593
49400 0.01666913245391375
49450 0.014511940654591382
49500 0.014408907483925535
49550 0.015645055757058178
49600 0.015537545613466038
49650 0.016163969098738133
49700 0.015064899260617614
49750 0.01813312443582919
49800 0.015849087772328678
49850 0.015446168407218413
49900 0.014827130263362374
49950 0.01777612379101468
50000 0.015014632966823885
